1.513475998207993340e+06 7.876268110486796359e+05 4.954481103781156125e+05 2.983267259784319322e+05 1.679357649693173589e+05 8.545533905311182025e+04 3.746009423241222248e+04 1.319678485692436880e+04 3.382156381035773848e+03 5.462951581819123703e+02
7.876268110486796359e+05 6.748067847171672620e+05 3.203496913359626196e+05 1.928938118494847149e+05 1.085848736634234665e+05 5.525420506252798805e+04 2.422116337392209607e+04 8.532853122229937071e+03 2.186854142783757197e+03 3.532266682142474110e+02
4.954481103781156125e+05 3.203496913359626196e+05 2.902528667227238184e+05 1.213377620515666931e+05 6.830413809880394547e+04 3.475705893280269083e+04 1.523606034790966805e+04 5.367498790339603147e+03 1.375616900689534987e+03 2.221934079020200272e+02
2.983267259784319322e+05 1.928938118494847149e+05 1.213377620515666931e+05 1.177833042901130102e+05 4.112832295241492830e+04 2.092844715493831245e+04 9.174167597355055477e+03 3.231959729532832625e+03 8.283072991642064835e+02 1.337904626638127752e+02
1.679357649693173589e+05 1.085848736634234665e+05 6.830413809880394547e+04 4.112832295241492102e+04 4.382669643936681678e+04 1.178115963649396690e+04 5.164374222140361780e+03 1.819353018905735325e+03 4.662754215486106659e+02 7.531408263660115665e+01
8.545533905311182025e+04 5.525420506252798805e+04 3.475705893280268356e+04 2.092844715493831245e+04 1.178115963649396690e+04 1.446580609070515857e+04 2.627929495725863489e+03 9.257910553853607780e+02 2.372676496150130845e+02 3.832412034661419398e+01
3.746009423241222248e+04 2.422116337392209607e+04 1.523606034790966805e+04 9.174167597355057296e+03 5.164374222140361780e+03 2.627929495725863489e+03 4.081457522038690513e+03 4.058285948956996094e+02 1.040083464809294043e+02 1.679971287301558291e+01
1.319678485692436880e+04 8.532853122229938890e+03 5.367498790339603147e+03 3.231959729532832625e+03 1.819353018905735325e+03 9.257910553853607780e+02 4.058285948956996094e+02 9.402285020573162910e+02 3.664101225473308432e+01 5.918356613514933251e+00
3.382156381035773848e+03 2.186854142783757652e+03 1.375616900689534987e+03 8.283072991642064835e+02 4.662754215486106659e+02 2.372676496150130276e+02 1.040083464809294043e+02 3.664101225473308432e+01 1.638749024309672393e+02 1.516794264865351183e+00
5.462951581819123703e+02 3.532266682142474679e+02 2.221934079020200272e+02 1.337904626638127468e+02 7.531408263660115665e+01 3.832412034661419398e+01 1.679971287301558291e+01 5.918356613514933251e+00 1.516794264865351183e+00 1.869945486270678003e+01
