2.344624539827780682e+05 6.986099321297245333e+05 4.219017885436384822e+05 2.410360078267045319e+05 1.269508663575164101e+05 5.941233348285048123e+04 2.345839646148341490e+04 7.261739202549843867e+03 1.587282796423460468e+03 2.111000544262871585e+02
6.986099321297245333e+05 1.267933617650580127e+05 2.643678791780440952e+05 1.510355725550505449e+05 7.954868220540981565e+04 3.722836220746498293e+04 1.469926577663381977e+04 4.550278392393199283e+03 9.946072710304761131e+02 1.322774048332217660e+02
4.219017885436384822e+05 2.643678791780440952e+05 6.505919045739417925e+04 9.121281456796661951e+04 4.804073024905098282e+04 2.248280746882267704e+04 8.877123321929129816e+03 2.747986399606013492e+03 6.006593482961604877e+02 7.988445499610251943e+01
2.410360078267045319e+05 1.510355725550505449e+05 9.121281456796661951e+04 3.106440630729484838e+04 2.744606955159458812e+04 1.284461527344512251e+04 5.071574533706473630e+03 1.569947531176683924e+03 3.431616914373936993e+02 4.563865487780691410e+01
1.269508663575164101e+05 7.954868220540981565e+04 4.804073024905097554e+04 2.744606955159458084e+04 1.344052395932275067e+04 6.765109709936818035e+03 2.671139414629080875e+03 8.268731340838393180e+02 1.807392780086581183e+02 2.403734955772601012e+01
5.941233348285048123e+04 3.722836220746498293e+04 2.248280746882267704e+04 1.284461527344512433e+04 6.765109709936818035e+03 5.075313198562972502e+03 1.250079107252448011e+03 3.869722499714958417e+02 8.458502542439912020e+01 1.124935235924769650e+01
2.345839646148341490e+04 1.469926577663381977e+04 8.877123321929129816e+03 5.071574533706473630e+03 2.671139414629080420e+03 1.250079107252448011e+03 1.587134507116036275e+03 1.527923231974035900e+02 3.339759515897421949e+01 4.441700100103446402e+00
7.261739202549843867e+03 4.550278392393199283e+03 2.747986399606013038e+03 1.569947531176683924e+03 8.268731340838392043e+02 3.869722499714958417e+02 1.527923231974035900e+02 3.817099034764894441e+02 1.033849975359635742e+01 1.374964729402953889e+00
1.587282796423460468e+03 9.946072710304761131e+02 6.006593482961604877e+02 3.431616914373936993e+02 1.807392780086581183e+02 8.458502542439912020e+01 3.339759515897421949e+01 1.033849975359635742e+01 6.354862059776737482e+01 3.005420326722849089e-01
2.111000544262871585e+02 1.322774048332217944e+02 7.988445499610250522e+01 4.563865487780692121e+01 2.403734955772601012e+01 1.124935235924769650e+01 4.441700100103446402e+00 1.374964729402953889e+00 3.005420326722849089e-01 6.306883234339134781e+00
