2.733151221734026331e+05 7.043355502376717050e+05 4.395808902103231521e+05 2.619068536138575582e+05 1.454252958634399693e+05 7.270459801150264684e+04 3.115490482130271630e+04 1.066390873549405478e+04 2.635263978977690385e+03 4.065217131600365406e+02
7.043355502376717050e+05 1.521178722281607625e+05 2.825794605058255838e+05 1.683637734151075128e+05 9.348495934236104949e+04 4.673730487363407155e+04 2.002756805988951237e+04 6.855169650158062723e+03 1.694048786137298293e+03 2.613277532007904256e+02
4.395808902103231521e+05 2.825794605058255838e+05 8.083417662195305456e+04 1.050770437073753565e+05 5.834463649481282482e+04 2.916908861898376199e+04 1.249934948412489393e+04 4.278360756236746965e+03 1.057268049608838055e+03 1.630965331082658452e+02
2.619068536138575582e+05 1.683637734151074837e+05 1.050770437073753565e+05 4.028813990235146775e+04 3.476233956005082291e+04 1.737924553391427253e+04 7.447242062867696404e+03 2.549091712687595646e+03 6.299312696851346800e+02 9.717460602365171951e+01
1.454252958634399693e+05 9.348495934236104949e+04 5.834463649481283937e+04 3.476233956005082291e+04 1.836900016934297673e+04 9.649926639106197399e+03 4.135124245186560984e+03 1.415397922526997945e+03 3.497729822781014377e+02 5.395676224738190996e+01
7.270459801150266139e+04 4.673730487363407155e+04 2.916908861898376199e+04 1.737924553391427253e+04 9.649926639106197399e+03 7.396562759205827206e+03 2.067333225549853978e+03 7.076206128559233548e+02 1.748671296890031215e+02 2.697539438311946469e+01
3.115490482130271630e+04 2.002756805988951237e+04 1.249934948412489393e+04 7.447242062867696404e+03 4.135124245186560984e+03 2.067333225549853978e+03 2.502244415229065453e+03 3.032250152821187044e+02 7.493293314094610480e+01 1.155932179681714089e+01
1.066390873549405478e+04 6.855169650158062723e+03 4.278360756236746965e+03 2.549091712687595191e+03 1.415397922526997945e+03 7.076206128559232411e+02 3.032250152821187044e+02 6.623751443209217769e+02 2.564854442282048907e+01 3.956601806120067177e+00
2.635263978977690385e+03 1.694048786137298293e+03 1.057268049608838055e+03 6.299312696851345663e+02 3.497729822781014377e+02 1.748671296890031215e+02 7.493293314094610480e+01 2.564854442282048907e+01 1.239373761295066885e+02 9.777550124863497727e-01
4.065217131600365406e+02 2.613277532007904256e+02 1.630965331082658452e+02 9.717460602365173372e+01 5.395676224738190996e+01 2.697539438311945759e+01 1.155932179681714267e+01 3.956601806120067177e+00 9.777550124863497727e-01 1.416530635707610308e+01
