9.826982431271454552e+05 5.064054751899606781e+05 3.252241469048362342e+05 2.001166904807346582e+05 1.159123526715289772e+05 6.170074845463247038e+04 2.921127944551024120e+04 1.176212029526451443e+04 3.788807497773406340e+03 8.973924902697416428e+02
5.064054751899606781e+05 4.610193184675426455e+05 2.151853110414876137e+05 1.324076723561685649e+05 7.669367696265192353e+04 4.082444330798008741e+04 1.932771079030990222e+04 7.782434171422376494e+03 2.506873267695139020e+03 5.937618223701393845e+02
3.252241469048362342e+05 2.151853110414876137e+05 2.081722216683524312e+05 8.503496584340186382e+04 4.925427722482107492e+04 2.621830805190687533e+04 1.241265855398585336e+04 4.998041368518888703e+03 1.609966242128129579e+03 3.813262130954499867e+02
2.001166904807346582e+05 1.324076723561685649e+05 8.503496584340186382e+04 8.908830542874406092e+04 3.030710678791003738e+04 1.613263064039104756e+04 7.637748222360214641e+03 3.075391255762036963e+03 9.906432816461802986e+02 2.346373738987522870e+02
1.159123526715289481e+05 7.669367696265193808e+04 4.925427722482107492e+04 3.030710678791003738e+04 3.549200256957531383e+04 9.344403846657382019e+03 4.423965654437953162e+03 1.781339852185611335e+03 5.738041797413563927e+02 1.359075545769726148e+02
6.170074845463247038e+04 4.082444330798008741e+04 2.621830805190687533e+04 1.613263064039104756e+04 9.344403846657382019e+03 1.290432759266823268e+04 2.354899937109602433e+03 9.482164721768542677e+02 3.054389505557358007e+02 7.234429847007788794e+01
2.921127944551024120e+04 1.932771079030990222e+04 1.241265855398585336e+04 7.637748222360214641e+03 4.423965654437953162e+03 2.354899937109602433e+03 4.188135459025876116e+03 4.489186442196939311e+02 1.446054182760420872e+02 3.425030606318651394e+01
1.176212029526451443e+04 7.782434171422376494e+03 4.998041368518887793e+03 3.075391255762037417e+03 1.781339852185611335e+03 9.482164721768542677e+02 4.489186442196939311e+02 1.178635609356948862e+03 5.822635493534571793e+01 1.379111862649843800e+01
3.788807497773406340e+03 2.506873267695139020e+03 1.609966242128129352e+03 9.906432816461801849e+02 5.738041797413563927e+02 3.054389505557358007e+02 1.446054182760420872e+02 5.822635493534573214e+01 2.739958231475033017e+02 4.442387285887275716e+00
8.973924902697417565e+02 5.937618223701393845e+02 3.813262130954498730e+02 2.346373738987523154e+02 1.359075545769726148e+02 7.234429847007787373e+01 3.425030606318651394e+01 1.379111862649843978e+01 4.442387285887275716e+00 4.830426951894560261e+01
