1.485610071749756811e+06 7.840140357653531246e+05 4.871879082926583360e+05 2.887799195502487128e+05 1.595404010752097238e+05 7.954273472654078796e+04 3.418055309581959591e+04 1.186679936024046037e+04 3.035604646309802320e+03 5.019765650415310461e+02
7.840140357653531246e+05 6.484516891934926389e+05 3.122861567290978855e+05 1.851071623122307064e+05 1.022649738360653137e+05 5.098668193659662211e+04 2.190964385502838195e+04 7.606586907856260950e+03 1.945814524968919841e+03 3.217656464715179254e+02
4.871879082926583360e+05 3.122861567290978855e+05 2.714519864376793848e+05 1.150259652288619836e+05 6.354766167694903561e+04 3.168322732797088247e+04 1.361469702611678440e+04 4.726748496622488346e+03 1.209133083210260111e+03 1.999458238166165529e+02
2.887799195502487128e+05 1.851071623122306773e+05 1.150259652288619836e+05 1.067051861379178881e+05 3.766778344517527876e+04 1.878018662435171791e+04 8.070091734586391794e+03 2.801773252896372469e+03 7.167118652814582447e+02 1.185175944093538050e+02
1.595404010752097238e+05 1.022649738360652846e+05 6.354766167694904289e+04 3.766778344517527876e+04 3.837633277087048191e+04 1.037536997372496626e+04 4.458432130789541588e+03 1.547877806687675047e+03 3.959572349090192915e+02 6.547665978986886159e+01
7.954273472654078796e+04 5.098668193659661483e+04 3.168322732797088247e+04 1.878018662435171427e+04 1.037536997372496626e+04 1.227312532678875141e+04 2.222859425484945859e+03 7.717320060416279830e+02 1.974140787359263243e+02 3.264497610226188584e+01
3.418055309581959591e+04 2.190964385502838195e+04 1.361469702611678440e+04 8.070091734586392704e+03 4.458432130789541588e+03 2.222859425484945859e+03 3.383279568249854492e+03 3.316233330289019250e+02 8.483141072900713198e+01 1.402797304884227358e+01
1.186679936024046219e+04 7.606586907856260950e+03 4.726748496622487437e+03 2.801773252896372469e+03 1.547877806687674820e+03 7.717320060416279830e+02 3.316233330289019250e+02 7.733005770077244279e+02 2.945175660982495458e+01 4.870229604968898229e+00
3.035604646309802320e+03 1.945814524968919841e+03 1.209133083210260111e+03 7.167118652814582447e+02 3.959572349090192915e+02 1.974140787359263243e+02 8.483141072900713198e+01 2.945175660982495458e+01 1.364285794036693176e+02 1.245836486203097060e+00
5.019765650415311597e+02 3.217656464715179254e+02 1.999458238166165529e+02 1.185175944093537765e+02 6.547665978986886159e+01 3.264497610226188584e+01 1.402797304884227358e+01 4.870229604968898229e+00 1.245836486203097060e+00 1.619807083818437476e+01
