1.295893133359421918e+05 5.203050957432431460e+04 3.012649583172160783e+04 1.640236458114489869e+04 8.285293795100846182e+03 3.817943199476578229e+03 1.572189370282911568e+03 5.638097287533197459e+02 1.706187850415516607e+02 4.187590843441874000e+01
5.203050957432432915e+04 5.562075602181351860e+04 1.834241410017112503e+04 9.986523658438594794e+03 5.044472831496696017e+03 2.324541678092990878e+03 9.572221288096775424e+02 3.432736278478614054e+02 1.038806645811412892e+02 2.549600383713339014e+01
3.012649583172160783e+04 1.834241410017112139e+04 2.290569171990537870e+04 5.782356656330068290e+03 2.920830316186493746e+03 1.345946748334168205e+03 5.542468968600510379e+02 1.987609116863592931e+02 6.014856348907599681e+01 1.476259332474415231e+01
1.640236458114489869e+04 9.986523658438596613e+03 5.782356656330068290e+03 9.042394891399815606e+03 1.590245476717755082e+03 7.328004357459290077e+02 3.017596112420905001e+02 1.082153382912739517e+02 3.274787326381152042e+01 8.037490959060278328e+00
8.285293795100848001e+03 5.044472831496695107e+03 2.920830316186493746e+03 1.590245476717755082e+03 3.411878858307581140e+03 3.701580265026123016e+02 1.524272321998114705e+02 5.466259858106678848e+01 1.654186808329484393e+01 4.059961820860407578e+00
3.817943199476577774e+03 2.324541678092990423e+03 1.345946748334168205e+03 7.328004357459290077e+02 3.701580265026123016e+02 1.217547317382485744e+03 7.023993704802882121e+01 2.518905203358112033e+01 7.622652173493078998e+00 1.870869519829726935e+00
1.572189370282911568e+03 9.572221288096775424e+02 5.542468968600510379e+02 3.017596112420904433e+02 1.524272321998114705e+02 7.023993704802882121e+01 4.021480936699167614e+02 1.037259010561724182e+01 3.138929023923858974e+00 7.704046442246281767e-01
5.638097287533197459e+02 3.432736278478614054e+02 1.987609116863592931e+02 1.082153382912739517e+02 5.466259858106678848e+01 2.518905203358111677e+01 1.037259010561724182e+01 1.188614241782969430e+02 1.125665110708623073e+00 2.762781899564829002e-01
1.706187850415516607e+02 1.038806645811412750e+02 6.014856348907599681e+01 3.274787326381151331e+01 1.654186808329484037e+01 7.622652173493079886e+00 3.138929023923858974e+00 1.125665110708623073e+00 3.012320736863913950e+01 8.360666143183605181e-02
4.187590843441873290e+01 2.549600383713339014e+01 1.476259332474415231e+01 8.037490959060278328e+00 4.059961820860407578e+00 1.870869519829726935e+00 7.704046442246281767e-01 2.762781899564829002e-01 8.360666143183605181e-02 6.227049836147201312e+00
