2.582702555936090066e+05 5.972454761963953497e+05 3.838458408081200905e+05 2.370575177062117436e+05 1.379365986526175984e+05 7.358743000762925658e+04 3.462587864513838576e+04 1.361456732846596606e+04 4.143101527382746099e+03 8.761142575726285031e+02
5.972454761963953497e+05 1.488344553760582930e+05 2.532333567563949327e+05 1.563931781224933220e+05 9.100045951474343019e+04 4.854759368155700213e+04 2.284361727480902118e+04 8.981893819964110662e+03 2.733314772807836562e+03 5.779959837005485497e+02
3.838458408081200905e+05 2.532333567563949327e+05 8.232341776235135330e+04 1.005128935180787666e+05 5.848541226099755295e+04 3.120122739913470286e+04 1.468144645613790635e+04 5.772605608216727887e+03 1.756683891259270013e+03 3.714743153187110920e+02
2.370575177062117436e+05 1.563931781224933220e+05 1.005128935180787666e+05 4.307408476644441544e+04 3.611972614690169576e+04 1.926941686030493656e+04 9.067044326705354251e+03 3.565075899480386397e+03 1.084902005919043631e+03 2.294170464259081825e+02
1.379365986526175984e+05 9.100045951474343019e+04 5.848541226099755295e+04 3.611972614690169576e+04 2.088718775553097657e+04 1.121229077840890932e+04 5.275838819033907384e+03 2.074409823704401333e+03 6.312716593672220142e+02 1.334908395359875328e+02
7.358743000762925658e+04 4.854759368155700213e+04 3.120122739913470286e+04 1.926941686030493656e+04 1.121229077840890932e+04 9.128124164674040003e+03 2.814593252403818497e+03 1.106671392510006172e+03 3.367754425094625503e+02 7.121567377308772961e+01
3.462587864513838576e+04 2.284361727480902118e+04 1.468144645613790817e+04 9.067044326705354251e+03 5.275838819033907384e+03 2.814593252403817587e+03 3.456406822162905883e+03 5.207338988890491009e+02 1.584665424758881329e+02 3.350987087662995378e+01
1.361456732846596788e+04 8.981893819964110662e+03 5.772605608216726978e+03 3.565075899480386397e+03 2.074409823704401333e+03 1.106671392510006399e+03 5.207338988890492146e+02 1.073742268012583509e+03 6.230754268960932052e+01 1.317576365046652676e+01
4.143101527382746099e+03 2.733314772807836562e+03 1.756683891259270240e+03 1.084902005919043631e+03 6.312716593672219005e+02 3.367754425094624935e+02 1.584665424758881329e+02 6.230754268960932052e+01 2.533372963604974757e+02 4.009567486624837862e+00
8.761142575726285031e+02 5.779959837005485497e+02 3.714743153187110920e+02 2.294170464259081825e+02 1.334908395359875328e+02 7.121567377308772961e+01 3.350987087662996089e+01 1.317576365046652676e+01 4.009567486624837862e+00 4.073907267158262613e+01
