1.510142630283069098e+06 8.068856585185809527e+05 5.031428162432681420e+05 3.005033970665655215e+05 1.682301109178385523e+05 8.560771068734177970e+04 3.791283523408211477e+04 1.373011930520114947e+04 3.721439423413958593e+03 6.650014834721753232e+02
8.068856585185809527e+05 6.579549814607732696e+05 3.226197938475159463e+05 1.926855375496792549e+05 1.078706918812815275e+05 5.489245017930338508e+04 2.431005808394678388e+04 8.803878574317337552e+03 2.386221130139992965e+03 4.264050575301362755e+02
5.031428162432681420e+05 3.226197938475159463e+05 2.763230969292313093e+05 1.201512791664781980e+05 6.726400838862845558e+04 3.422881753086952085e+04 1.515881582261725998e+04 5.489759562561105668e+03 1.487955581962028873e+03 2.658897691898251310e+02
3.005033970665655215e+05 1.926855375496792549e+05 1.201512791664781980e+05 1.096095421690574440e+05 4.017360949723637168e+04 2.044325311528389284e+04 9.053643425171010676e+03 3.278773629216747395e+03 8.886854639052609173e+02 1.588033781012102850e+02
1.682301109178385523e+05 1.078706918812815275e+05 6.726400838862845558e+04 4.017360949723637168e+04 4.004952644993945432e+04 1.144469837172534608e+04 5.068479932324004039e+03 1.835548139229298613e+03 4.975106957966794994e+02 8.890252214412144838e+01
8.560771068734177970e+04 5.489245017930338508e+04 3.422881753086952085e+04 2.044325311528389284e+04 1.144469837172534608e+04 1.309484300179440106e+04 2.579211065746147142e+03 9.340603367525213798e+02 2.531696108220544659e+02 4.524006643974653485e+01
3.791283523408211477e+04 2.431005808394678752e+04 1.515881582261726180e+04 9.053643425171012495e+03 5.068479932324004039e+03 2.579211065746147142e+03 3.713187499698540705e+03 4.136645561674371834e+02 1.121204814882695899e+02 2.003533526522220143e+01
1.373011930520115129e+04 8.803878574317339371e+03 5.489759562561105668e+03 3.278773629216746940e+03 1.835548139229298386e+03 9.340603367525216072e+02 4.136645561674372402e+02 8.786877648023986467e+02 4.060439104292192525e+01 7.255789281196044271e+00
3.721439423413958593e+03 2.386221130139992965e+03 1.487955581962028873e+03 8.886854639052610310e+02 4.975106957966794994e+02 2.531696108220544659e+02 1.121204814882695899e+02 4.060439104292192525e+01 1.625488188802173113e+02 1.966623863843534270e+00
6.650014834721753232e+02 4.264050575301362755e+02 2.658897691898251310e+02 1.588033781012103134e+02 8.890252214412144838e+01 4.524006643974653485e+01 2.003533526522220143e+01 7.255789281196044271e+00 1.966623863843534270e+00 2.069340122531172099e+01
