3.020452845329723204e+05 8.545637758343962487e+05 5.408066022981217830e+05 3.307900109395499458e+05 1.913520449057810474e+05 1.013820835474844644e+05 4.691672362766684091e+04 1.768953364627980773e+04 4.903545239188975756e+03 8.588089738722652555e+02
8.545637758343962487e+05 1.702137151549753326e+05 3.490266406745814020e+05 2.134857928810832091e+05 1.234950925818391697e+05 6.543013323950159247e+04 3.027919106319532875e+04 1.141649986783540407e+04 3.164657966373183626e+03 5.542595261560514928e+02
5.408066022981217830e+05 3.490266406745814020e+05 9.234398182874996564e+04 1.351034639564605022e+05 7.815327926165091048e+04 4.140714718526218348e+04 1.916204138565735411e+04 7.224877391547060142e+03 2.002738672791140743e+03 3.507604927896081222e+02
3.307900109395499458e+05 2.134857928810832091e+05 1.351034639564605022e+05 4.746977997260393749e+04 4.780327013772663486e+04 2.532711437357392424e+04 1.172066289991689519e+04 4.419171772739025073e+03 1.224996042330939190e+03 2.145463216498890233e+02
1.913520449057810474e+05 1.234950925818391697e+05 7.815327926165091048e+04 4.780327013772663486e+04 2.259442977848196824e+04 1.465097181496094890e+04 6.780049999636397843e+03 2.556357591033938206e+03 7.086232653632042684e+02 1.241085764896996153e+02
1.013820835474844498e+05 6.543013323950159247e+04 4.140714718526218348e+04 2.532711437357392060e+04 1.465097181496095072e+04 9.632226855639664791e+03 3.592204075256749093e+03 1.354408618936158973e+03 3.754425677975765439e+02 6.575516910118976455e+01
4.691672362766684091e+04 3.027919106319532875e+04 1.916204138565735411e+04 1.172066289991689519e+04 6.780049999636398752e+03 3.592204075256749093e+03 3.503848357940143160e+03 6.267815044834359242e+02 1.737440637937799863e+02 3.042960834757439770e+01
1.768953364627980773e+04 1.141649986783540407e+04 7.224877391547060142e+03 4.419171772739025073e+03 2.556357591033938206e+03 1.354408618936158973e+03 6.267815044834359242e+02 1.013603760883465725e+03 6.550865500993846524e+01 1.147321336799628355e+01
4.903545239188975756e+03 3.164657966373184081e+03 2.002738672791140743e+03 1.224996042330939190e+03 7.086232653632043821e+02 3.754425677975765439e+02 1.737440637937799579e+02 6.550865500993846524e+01 2.102587754729237020e+02 3.180378969496977959e+00
8.588089738722653692e+02 5.542595261560514928e+02 3.507604927896081222e+02 2.145463216498889949e+02 1.241085764896996437e+02 6.575516910118976455e+01 3.042960834757440125e+01 1.147321336799628355e+01 3.180378969496977959e+00 2.686067958158423252e+01
