3.410116098080359516e+05 1.113535946154089412e+06 7.139317276500021107e+05 4.477991499383519986e+05 2.697049743803098681e+05 1.515813902552609215e+05 7.611155234668641060e+04 3.195991325148340911e+04 1.016053633907306175e+04 2.104352310724123981e+03
1.113535946154089412e+06 1.944257110340970976e+05 4.623146201864874456e+05 2.899774388862469350e+05 1.746505274439443310e+05 9.815825540331761295e+04 4.928690244764216914e+04 2.069600577171182886e+04 6.579571010174243384e+03 1.362697302266305542e+03
7.139317276500021107e+05 4.623146201864874456e+05 1.075980864196683106e+05 1.859159505704303738e+05 1.119753279844142962e+05 6.293312138259733183e+04 3.159977325967086290e+04 1.326902396557930479e+04 4.218421968965833003e+03 8.736788808938509874e+02
4.477991499383519986e+05 2.899774388862469350e+05 1.859159505704303738e+05 5.699971638408619765e+04 7.023424613798747305e+04 3.947351989924428926e+04 1.982031482268336549e+04 8.322725300157790116e+03 2.645919348621855534e+03 5.479973014662757578e+02
2.697049743803098681e+05 1.746505274439443310e+05 1.119753279844142962e+05 7.023424613798747305e+04 2.831884453683773245e+04 2.377450844779848921e+04 1.193757849294135485e+04 5.012694673856429290e+03 1.593610908441131869e+03 3.300533245156627231e+02
1.515813902552609215e+05 9.815825540331761295e+04 6.293312138259733183e+04 3.947351989924428926e+04 2.377450844779848558e+04 1.280231936889225472e+04 6.709237560037598996e+03 2.817268125417903320e+03 8.956518417299595285e+02 1.854987728847297603e+02
7.611155234668641060e+04 4.928690244764216914e+04 3.159977325967085562e+04 1.982031482268336549e+04 1.193757849294135667e+04 6.709237560037598996e+03 5.035208082129548529e+03 1.414597465040427551e+03 4.497217760137937717e+02 9.314203767947159918e+01
3.195991325148340911e+04 2.069600577171182886e+04 1.326902396557930479e+04 8.322725300157790116e+03 5.012694673856429290e+03 2.817268125417903320e+03 1.414597465040427551e+03 1.610972298634331764e+03 1.888421468955841647e+02 3.911116450158580449e+01
1.016053633907306357e+04 6.579571010174243384e+03 4.218421968965833003e+03 2.645919348621855534e+03 1.593610908441131414e+03 8.956518417299595285e+02 4.497217760137937148e+02 1.888421468955841647e+02 3.792555536153182629e+02 1.243402649609451593e+01
2.104352310724123981e+03 1.362697302266305542e+03 8.736788808938509874e+02 5.479973014662756441e+02 3.300533245156627231e+02 1.854987728847297603e+02 9.314203767947159918e+01 3.911116450158581159e+01 1.243402649609451593e+01 5.649169647156016083e+01
