1.209241291229694616e+06 6.255959735744390637e+05 3.941364306504578562e+05 2.376073068957754003e+05 1.342035774217551225e+05 6.891769908026540361e+04 3.084161354813953949e+04 1.133185722010512109e+04 3.140842410999074673e+03 5.822543162931201550e+02
6.255959735744390637e+05 5.437225380870781373e+05 2.555828004165786842e+05 1.540794917020015710e+05 8.702602316352372873e+04 4.469056184461804514e+04 1.999963806185202702e+04 7.348287488815844881e+03 2.036719360718576809e+03 3.775702450728608710e+02
3.941364306504578562e+05 2.555828004165786842e+05 2.356130373752671294e+05 9.707278093380779319e+04 5.482792024283059436e+04 2.815583743060233610e+04 1.260012259183994684e+04 4.629549940494738621e+03 1.283168902900210696e+03 2.378758735651113625e+02
2.376073068957754003e+05 1.540794917020015710e+05 9.707278093380779319e+04 9.647755284665597719e+04 3.305331214903316868e+04 1.697390087549096643e+04 7.596052947104625673e+03 2.790949549335130996e+03 7.735654042620574273e+02 1.434047738241484637e+02
1.342035774217551225e+05 8.702602316352372873e+04 5.482792024283059436e+04 3.305331214903316868e+04 3.646432990872158553e+04 9.587071416504699300e+03 4.290345667836158100e+03 1.576363196981587635e+03 4.369194111829737039e+02 8.099680905436233047e+01
6.891769908026540361e+04 4.469056184461804514e+04 2.815583743060233610e+04 1.697390087549096279e+04 9.587071416504699300e+03 1.237733615923666002e+04 2.203225557520207076e+03 8.095113896209088580e+02 2.243716678848659001e+02 4.159437341470875538e+01
3.084161354813953949e+04 1.999963806185202338e+04 1.260012259183994684e+04 7.596052947104625673e+03 4.290345667836158100e+03 2.203225557520207076e+03 3.657939388350376703e+03 3.622674258527978850e+02 1.004093921359322366e+02 1.861405136493881329e+01
1.133185722010512109e+04 7.348287488815843062e+03 4.629549940494738621e+03 2.790949549335130996e+03 1.576363196981587407e+03 8.095113896209087443e+02 3.622674258527978282e+02 9.048374044848040967e+02 3.689252164015157831e+01 6.839193806314765034e+00
3.140842410999073763e+03 2.036719360718576581e+03 1.283168902900210469e+03 7.735654042620575410e+02 4.369194111829737039e+02 2.243716678848659001e+02 1.004093921359322508e+02 3.689252164015157831e+01 1.751424961980279704e+02 1.895614244574494567e+00
5.822543162931201550e+02 3.775702450728609847e+02 2.378758735651113341e+02 1.434047738241484637e+02 8.099680905436233047e+01 4.159437341470875538e+01 1.861405136493881329e+01 6.839193806314765034e+00 1.895614244574494567e+00 2.345752156236352803e+01
