2.734265430942734383e+04 1.931868628153128884e+04 1.117271214055883684e+04 6.093322440136023943e+03 3.099440426129102889e+03 1.450090549476418573e+03 6.140411721517706383e+02 2.306357184094553077e+02 7.503651093932118954e+01 2.052960908345088598e+01
1.931868628153128884e+04 1.492622205507957369e+04 6.785674591525382311e+03 3.700740047701106505e+03 1.882425133928034938e+03 8.807031339573242121e+02 3.729339418756673012e+02 1.400751146740780939e+02 4.557294051005597169e+01 1.246852554500284960e+01
1.117271214055883684e+04 6.785674591525382311e+03 7.725517277343750720e+03 2.140275102429224717e+03 1.088676209191165299e+03 5.093432572793587951e+02 2.156815178475200412e+02 8.101062937211237625e+01 2.635652022593476218e+01 7.211010350362145438e+00
6.093322440136023943e+03 3.700740047701106505e+03 2.140275102429224717e+03 3.754023316122620599e+03 5.937372315738318775e+02 2.777832866601588080e+02 1.176273957557773144e+02 4.418120503173948066e+01 1.437419796699017382e+01 3.932707710638022824e+00
3.099440426129102889e+03 1.882425133928034938e+03 1.088676209191165299e+03 5.937372315738319912e+02 1.693678139028624855e+03 1.412977495998530628e+02 5.983256412368757537e+01 2.247329175434460780e+01 7.311605566548283086e+00 2.000418225402333494e+00
1.450090549476418573e+03 8.807031339573243258e+02 5.093432572793587951e+02 2.777832866601588080e+02 1.412977495998530628e+02 6.995685875237348910e+02 2.799299998001871259e+01 1.051425531972590299e+01 3.420775583930906194e+00 9.359068621554734735e-01
6.140411721517706383e+02 3.729339418756673581e+02 2.156815178475200412e+02 1.176273957557773002e+02 5.983256412368757537e+01 2.799299998001871259e+01 2.602870549167273566e+02 4.452263800463085452e+00 1.448528197072599388e+00 3.963099731050127583e-01
2.306357184094553077e+02 1.400751146740780655e+02 8.101062937211237625e+01 4.418120503173948066e+01 2.247329175434460780e+01 1.051425531972590299e+01 4.452263800463085452e+00 8.548323182680942978e+01 5.440715647738649796e-01 1.488552225897234738e-01
7.503651093932117533e+01 4.557294051005596458e+01 2.635652022593476573e+01 1.437419796699017560e+01 7.311605566548282198e+00 3.420775583930906194e+00 1.448528197072599388e+00 5.440715647738648686e-01 2.419636565258382177e+01 4.842951740198000316e-02
2.052960908345088953e+01 1.246852554500285137e+01 7.211010350362145438e+00 3.932707710638022824e+00 2.000418225402333938e+00 9.359068621554735845e-01 3.963099731050127583e-01 1.488552225897234738e-01 4.842951740197999622e-02 5.729896216980450596e+00
