3.683776983995437040e+05 1.498622503230482340e+06 9.248172432567103533e+05 5.600866324979193741e+05 3.256670174721920630e+05 1.754640367975487898e+05 8.274556396629723895e+04 3.121228471977548543e+04 8.169446941292613701e+03 1.186646081463601604e+03
1.498622503230482340e+06 2.009385682783656230e+05 5.740303899790478172e+05 3.476435484081784380e+05 2.021402243588838028e+05 1.089098307850610145e+05 5.135984292998875753e+04 1.937334116601939604e+04 5.070743271513187210e+03 7.365465100011992945e+02
9.248172432567103533e+05 5.740303899790478172e+05 1.064208225456058135e+05 2.145348460881784558e+05 1.247430654750582908e+05 6.720951357201415522e+04 3.169475184726007137e+04 1.195551243305617390e+04 3.129214197380905716e+03 4.545313522526884640e+02
5.600866324979193741e+05 3.476435484081784380e+05 2.145348460881784849e+05 5.386269187446799333e+04 7.554673529156856239e+04 4.070333939256325539e+04 1.919493495544779944e+04 7.240482103077236388e+03 1.895110688035967314e+03 2.752726944746947311e+02
3.256670174721920630e+05 2.021402243588837737e+05 1.247430654750582908e+05 7.554673529156856239e+04 2.541973392457500449e+04 2.366729425770343732e+04 1.116105412056345085e+04 4.210038366839095033e+03 1.101927826414675565e+03 1.600595911409130565e+02
1.754640367975487898e+05 1.089098307850610290e+05 6.720951357201415522e+04 4.070333939256325539e+04 2.366729425770343732e+04 1.077048837666163854e+04 6.013392532380711600e+03 2.268299481636097426e+03 5.937006030976936017e+02 8.623747718679516083e+01
8.274556396629722440e+04 5.135984292998875753e+04 3.169475184726006773e+04 1.919493495544779944e+04 1.116105412056345085e+04 6.013392532380711600e+03 3.862747487028296291e+03 1.069687688018930658e+03 2.799781204574209141e+02 4.066798424958921032e+01
3.121228471977548543e+04 1.937334116601939604e+04 1.195551243305617390e+04 7.240482103077236388e+03 4.210038366839095033e+03 2.268299481636096971e+03 1.069687688018930658e+03 1.070029759786100612e+03 1.056099734190459856e+02 1.534028705024639017e+01
8.169446941292613701e+03 5.070743271513187210e+03 3.129214197380905716e+03 1.895110688035967314e+03 1.101927826414675792e+03 5.937006030976936017e+02 2.799781204574209141e+02 1.056099734190459856e+02 1.983897243821777181e+02 4.015138982818028168e+00
1.186646081463601604e+03 7.365465100011994082e+02 4.545313522526884071e+02 2.752726944746947311e+02 1.600595911409130565e+02 8.623747718679514662e+01 4.066798424958921032e+01 1.534028705024639017e+01 4.015138982818028168e+00 1.967431405526019716e+01
