1.969202698504668206e+03 1.806630626912261732e+02 1.120192013448680655e+02 6.722568077612071136e+01 3.891560203376678118e+01 2.164799438389039921e+01 1.152367604777809973e+01 5.842583497821600247e+00 2.806624217554759326e+00 1.269944805367586582e+00
1.806630626912261732e+02 1.176681553038325774e+03 7.154405708669736441e+01 4.293547789482802557e+01 2.485448940932444728e+01 1.382607023991707251e+01 7.359903722868437193e+00 3.731522116597329575e+00 1.792525574463436522e+00 8.110841941503967867e-01
1.120192013448680655e+02 7.154405708669736441e+01 6.816673952613513165e+02 2.662192188869855869e+01 1.541089812157944294e+01 8.572783627943971752e+00 4.563470389184776543e+00 2.313711065644657783e+00 1.111446248339266418e+00 5.029085763228666739e-01
6.722568077612069715e+01 4.293547789482802557e+01 2.662192188869855869e+01 3.816801213035648175e+02 9.248486912570550444e+00 5.144753833413380661e+00 2.738659086401972864e+00 1.388519107794296215e+00 6.670082431729061900e-01 3.018087167696382744e-01
3.891560203376677407e+01 2.485448940932445083e+01 1.541089812157944294e+01 9.248486912570550444e+00 2.058527138474991318e+02 2.978195094960323086e+00 1.585354969740011111e+00 8.037859400063908089e-01 3.861177312730014188e-01 1.747110297215621888e-01
2.164799438389040276e+01 1.382607023991707074e+01 8.572783627943971752e+00 5.144753833413380661e+00 2.978195094960323086e+00 1.065352335579057126e+02 8.819022111395196095e-01 4.471305236395998750e-01 2.147898025800983324e-01 9.718835614914424215e-02
1.152367604777810151e+01 7.359903722868437193e+00 4.563470389184777432e+00 2.738659086401972864e+00 1.585354969740011111e+00 8.819022111395196095e-01 5.268335482831589900e+01 2.380168441530312040e-01 1.143370632589035818e-01 5.173537612852751461e-02
5.842583497821600247e+00 3.731522116597329575e+00 2.313711065644657783e+00 1.388519107794296215e+00 8.037859400063908089e-01 4.471305236395998750e-01 2.380168441530312040e-01 2.477692546925702999e+01 5.796968226251528883e-02 2.623019369590914168e-02
2.806624217554758882e+00 1.792525574463436300e+00 1.111446248339266418e+00 6.670082431729060790e-01 3.861177312730013633e-01 2.147898025800983324e-01 1.143370632589035818e-01 5.796968226251528189e-02 1.102374806724760425e+01 1.260029863253803173e-02
1.269944805367586360e+00 8.110841941503968977e-01 5.029085763228666739e-01 3.018087167696382744e-01 1.747110297215621888e-01 9.718835614914425602e-02 5.173537612852750767e-02 2.623019369590914862e-02 1.260029863253803173e-02 4.612786163806354089e+00
