2.099430352510814089e+06 1.118249601538573857e+06 7.116831019995965762e+05 4.458839497519467841e+05 2.701231424899247359e+05 1.538421913206602912e+05 7.877254912609279563e+04 3.384344236661698960e+04 1.096032805411407207e+04 2.269456616718356599e+03
1.118249601538574090e+06 9.141848309001624584e+05 4.551874584689146723e+05 2.851842080968573573e+05 1.727688438269186299e+05 9.839637315511192719e+04 5.038236306732519006e+04 2.164602541976373686e+04 7.010147995533773610e+03 1.451528336933979972e+03
7.116831019995965762e+05 4.551874584689146141e+05 3.995298811338908272e+05 1.814986399998898560e+05 1.099545812799325358e+05 6.262200851776856143e+04 3.206464494553816257e+04 1.377609300777218050e+04 4.461440329666537764e+03 9.237903488167316937e+02
4.458839497519467841e+05 2.851842080968573573e+05 1.814986399998898560e+05 1.719985412899540679e+05 6.888878330350687611e+04 3.923396301085497544e+04 2.008915273601431909e+04 8.631002682510112209e+03 2.795183179402608857e+03 5.787734573377105107e+02
2.701231424899247359e+05 1.727688438269186299e+05 1.099545812799325358e+05 6.888878330350687611e+04 7.086815540875881561e+04 2.376851955922941488e+04 1.217030814863629894e+04 5.228790066867441965e+03 1.693363631221209062e+03 3.506295868528022197e+02
1.538421913206602912e+05 9.839637315511192719e+04 6.262200851776856143e+04 3.923396301085497544e+04 2.376851955922941488e+04 2.684525436201741468e+04 6.931308651955770983e+03 2.977932636307134544e+03 9.644148566037730461e+02 1.996927160186018853e+02
7.877254912609279563e+04 5.038236306732519006e+04 3.206464494553816257e+04 2.008915273601431909e+04 1.217030814863629894e+04 6.931308651955770983e+03 8.852864039646858146e+03 1.524805015281889382e+03 4.938139272301960432e+02 1.022496114210361782e+02
3.384344236661698960e+04 2.164602541976373323e+04 1.377609300777218050e+04 8.631002682510112209e+03 5.228790066867441965e+03 2.977932636307134544e+03 1.524805015281889382e+03 2.373826094117658613e+03 2.121597354847069710e+02 4.393000949604362404e+01
1.096032805411407389e+04 7.010147995533773610e+03 4.461440329666537764e+03 2.795183179402609312e+03 1.693363631221208607e+03 9.644148566037730461e+02 4.938139272301960432e+02 2.121597354847069994e+02 4.751519072061883548e+02 1.422690133826107051e+01
2.269456616718356599e+03 1.451528336933979972e+03 9.237903488167315800e+02 5.787734573377105107e+02 3.506295868528022197e+02 1.996927160186018853e+02 1.022496114210361782e+02 4.393000949604362404e+01 1.422690133826107051e+01 6.239939606841968356e+01
