3.723968541041758726e+05 1.351608266438671621e+06 8.490464520832856651e+05 5.287906452277288772e+05 3.210321542932721204e+05 1.846214927114352176e+05 9.597381407494127052e+04 4.179811929434932244e+04 1.350588926446389996e+04 2.669248866805295165e+03
1.351608266438671621e+06 2.081532972688260488e+05 5.328510763995549642e+05 3.318624838585052057e+05 2.014758186131116527e+05 1.158661706628636166e+05 6.023198143107809301e+04 2.623198389537148250e+04 8.476129444560521733e+03 1.675187651235806015e+03
8.490464520832856651e+05 5.328510763995549642e+05 1.137870285326310841e+05 2.084676984419696964e+05 1.265620618204467610e+05 7.278422569653952087e+04 3.783622178543669725e+04 1.647827511158657580e+04 5.324492170549567163e+03 1.052310915205571064e+03
5.287906452277288772e+05 3.318624838585052057e+05 2.084676984419696964e+05 6.005486453054374579e+04 7.882352510533886380e+04 4.533040279956132872e+04 2.356460012500933954e+04 1.026275736400009191e+04 3.316122037217712204e+03 6.553848337348114228e+02
3.210321542932721204e+05 2.014758186131116236e+05 1.265620618204467610e+05 7.882352510533884924e+04 2.999072489518180373e+04 2.752037502376344855e+04 1.430621818192966930e+04 6.230585081805312257e+03 2.013238719548308381e+03 3.978882889927332940e+02
1.846214927114352176e+05 1.158661706628636020e+05 7.278422569653952087e+04 4.533040279956132872e+04 2.752037502376344855e+04 1.373104419879751549e+04 8.227323401974512308e+03 3.583129922922500555e+03 1.157787880798757215e+03 2.288204744099578818e+02
9.597381407494127052e+04 6.023198143107810029e+04 3.783622178543670452e+04 2.356460012500933590e+04 1.430621818192966930e+04 8.227323401974512308e+03 5.486753325612554363e+03 1.862657700240892837e+03 6.018655638521860283e+02 1.189502551682106315e+02
4.179811929434932972e+04 2.623198389537148250e+04 1.647827511158657580e+04 1.026275736400009191e+04 6.230585081805312257e+03 3.583129922922500555e+03 1.862657700240892837e+03 1.770182385696374922e+03 2.621220056692832259e+02 5.180472406496055271e+01
1.350588926446389996e+04 8.476129444560521733e+03 5.324492170549567163e+03 3.316122037217712659e+03 2.013238719548308154e+03 1.157787880798757215e+03 6.018655638521860283e+02 2.621220056692831690e+02 4.078428501186793937e+02 1.673924277956815843e+01
2.669248866805295165e+03 1.675187651235806015e+03 1.052310915205570836e+03 6.553848337348113091e+02 3.978882889927332940e+02 2.288204744099579102e+02 1.189502551682106457e+02 5.180472406496055982e+01 1.673924277956815843e+01 5.527819799066413253e+01
