2.687906523550471757e+05 7.376985369104405399e+05 4.643125586076474865e+05 2.799696910193218500e+05 1.581685982894180052e+05 8.110497186459858494e+04 3.607458215245523752e+04 1.304466288357102349e+04 3.494898881036959665e+03 6.072105966473612852e+02
7.376985369104405399e+05 1.510947453433051123e+05 3.003422248918816913e+05 1.810993873506026866e+05 1.023119186367224902e+05 5.246303863211034331e+04 2.333497137834022215e+04 8.437986439920818157e+03 2.260687733389039749e+03 3.927763274848273340e+02
4.643125586076474865e+05 3.003422248918816913e+05 8.131827824525620963e+04 1.139852062811454671e+05 6.439582883982502244e+04 3.302059917541128380e+04 1.468719229278985040e+04 5.310926994412505337e+03 1.422892486812972720e+03 2.472161356572352418e+02
2.799696910193218500e+05 1.810993873506026866e+05 1.139852062811454671e+05 4.121375992629949906e+04 3.882918945221482863e+04 1.991065453007650649e+04 8.856035900653781937e+03 3.202365652375776335e+03 8.579711285030510908e+02 1.490655891852219952e+02
1.581685982894180052e+05 1.023119186367224902e+05 6.439582883982502244e+04 3.882918945221482863e+04 1.922017976182318307e+04 1.124850445982636847e+04 5.003208667721468373e+03 1.809173288016729202e+03 4.847099351149129802e+02 8.421445624621421189e+01
8.110497186459858494e+04 5.246303863211034331e+04 3.302059917541127652e+04 1.991065453007650649e+04 1.124850445982636666e+04 7.983409830544170291e+03 2.565522503308508021e+03 9.276996205927497385e+02 2.485473480523127989e+02 4.318310447402275543e+01
3.607458215245524480e+04 2.333497137834022215e+04 1.468719229278985040e+04 8.856035900653780118e+03 5.003208667721467464e+03 2.565522503308508021e+03 2.820499002207504418e+03 4.126303900548223282e+02 1.105510737499153038e+02 1.920736070961093134e+01
1.304466288357102349e+04 8.437986439920818157e+03 5.310926994412505337e+03 3.202365652375776335e+03 1.809173288016729202e+03 9.276996205927497385e+02 4.126303900548223282e+02 7.938424420204894432e+02 3.997555626257734929e+01 6.945431669344212189e+00
3.494898881036959665e+03 2.260687733389039749e+03 1.422892486812972493e+03 8.579711285030510908e+02 4.847099351149129802e+02 2.485473480523127989e+02 1.105510737499152896e+02 3.997555626257734929e+01 1.621222967758170626e+02 1.860805571302335704e+00
6.072105966473612852e+02 3.927763274848273340e+02 2.472161356572352133e+02 1.490655891852220236e+02 8.421445624621421189e+01 4.318310447402274832e+01 1.920736070961092778e+01 6.945431669344212189e+00 1.860805571302335704e+00 2.101530564579787708e+01
