3.465659701668325579e+05 1.080791883365786402e+06 6.978577131674280390e+05 4.433411513007403119e+05 2.725356542026964016e+05 1.579280802229807305e+05 8.288386321260195109e+04 3.704821475927048596e+04 1.284567348748042969e+04 2.997918896941308049e+03
1.080791883365786169e+06 1.992735591270850564e+05 4.532079806578865391e+05 2.879179295899614808e+05 1.769921449142837955e+05 1.025628362007684918e+05 5.382705896480600495e+04 2.406012899365969133e+04 8.342333446495586031e+03 1.946930934233176913e+03
6.978577131674280390e+05 4.532079806578865391e+05 1.116477378143329697e+05 1.859060481633439194e+05 1.142822548905812000e+05 6.622391177118972701e+04 3.475565356646436703e+04 1.553541144826126038e+04 5.386570560949729952e+03 1.257116000193955188e+03
4.433411513007401954e+05 2.879179295899614808e+05 1.859060481633439194e+05 6.018622630015217146e+04 7.260223036938658333e+04 4.207130584688970703e+04 2.207987556149457669e+04 9.869472053467752630e+03 3.422027655487392622e+03 7.986316470086162553e+02
2.725356542026964598e+05 1.769921449142837955e+05 1.142822548905812146e+05 7.260223036938658333e+04 3.063964265682804034e+04 2.586254587128525600e+04 1.357318920928242733e+04 6.067072760639020998e+03 2.103627292552705967e+03 4.909438200038047171e+02
1.579280802229807305e+05 1.025628362007685064e+05 6.622391177118972701e+04 4.207130584688970703e+04 2.586254587128525600e+04 1.432447007100580231e+04 7.865347822457656548e+03 3.515727718136412932e+03 1.219003145806485918e+03 2.844905383751084287e+02
8.288386321260196564e+04 5.382705896480600495e+04 3.475565356646436703e+04 2.207987556149458396e+04 1.357318920928242733e+04 7.865347822457656548e+03 5.900209562450341764e+03 1.845125292926655902e+03 6.397576026385090699e+02 1.493064110870563752e+02
3.704821475927048596e+04 2.406012899365969133e+04 1.553541144826126038e+04 9.869472053467752630e+03 6.067072760639020998e+03 3.515727718136412932e+03 1.845125292926655902e+03 2.011208282148324315e+03 2.859649169058493499e+02 6.673839476690986316e+01
1.284567348748042969e+04 8.342333446495586031e+03 5.386570560949729042e+03 3.422027655487393076e+03 2.103627292552705967e+03 1.219003145806485918e+03 6.397576026385090699e+02 2.859649169058493499e+02 5.162696132944763576e+02 2.314010631348375213e+01
2.997918896941308049e+03 1.946930934233176913e+03 1.257116000193954960e+03 7.986316470086162553e+02 4.909438200038047171e+02 2.844905383751084287e+02 1.493064110870563752e+02 6.673839476690986316e+01 2.314010631348375213e+01 8.654276468812987844e+01
