1.387554890692615416e+06 7.170895330424890853e+05 4.452278040364009794e+05 2.629985778025453328e+05 1.442637284597534162e+05 7.100957903365523089e+04 2.988078002631513300e+04 1.003614325187541181e+04 2.440581025431359649e+03 3.739400230819070998e+02
7.170895330424890853e+05 6.096893249824768864e+05 2.856140959721606923e+05 1.687138591975639283e+05 9.254533075440410175e+04 4.555271826510405663e+04 1.916855123778666166e+04 6.438196258060153014e+03 1.565635247632459368e+03 2.398829108876044529e+02
4.452278040364009794e+05 2.856140959721606923e+05 2.564500151835089200e+05 1.047513561135568161e+05 5.745970689431932260e+04 2.828285142443909717e+04 1.190140363358686955e+04 3.997358558239689046e+03 9.720743520936096047e+02 1.489389214582490695e+02
2.629985778025453328e+05 1.687138591975639283e+05 1.047513561135568161e+05 1.010033895845974766e+05 3.394177330605699535e+04 1.670684003423117611e+04 7.030226327085997582e+03 2.361262271252760456e+03 5.742098085546522270e+02 8.797906188213255518e+01
1.442637284597534162e+05 9.254533075440410175e+04 5.745970689431932260e+04 3.394177330605700263e+04 3.627370518835000985e+04 9.164274021011598961e+03 3.856319947945849890e+03 1.295233236500688463e+03 3.149737484985503784e+02 4.825952900413356161e+01
7.100957903365521634e+04 4.555271826510406390e+04 2.828285142443909717e+04 1.670684003423117247e+04 9.164274021011598961e+03 1.153090767180579132e+04 1.898160119985506071e+03 6.375404812857827892e+02 1.550365675858304826e+02 2.375433433984779796e+01
2.988078002631512936e+04 1.916855123778666166e+04 1.190140363358686955e+04 7.030226327085999401e+03 3.856319947945849890e+03 1.898160119985506071e+03 3.140550464743828343e+03 2.682765781521201234e+02 6.523927665972355783e+01 9.995806886055818907e+00
1.003614325187540999e+04 6.438196258060153014e+03 3.997358558239689046e+03 2.361262271252760456e+03 1.295233236500688236e+03 6.375404812857827892e+02 2.682765781521201234e+02 7.016912770755877773e+02 2.191210288449959265e+01 3.357320315540308187e+00
2.440581025431360104e+03 1.565635247632459368e+03 9.720743520936097184e+02 5.742098085546523407e+02 3.149737484985503784e+02 1.550365675858304826e+02 6.523927665972355783e+01 2.191210288449959265e+01 1.186950137059761801e+02 8.164303809505468745e-01
3.739400230819071567e+02 2.398829108876044245e+02 1.489389214582490695e+02 8.797906188213252676e+01 4.825952900413356161e+01 2.375433433984779441e+01 9.995806886055818907e+00 3.357320315540308187e+00 8.164303809505468745e-01 1.309820263718992450e+01
