1.578534578517072136e+06 8.421815122159401653e+05 5.209772359373433283e+05 3.073091285466931295e+05 1.688970762764430547e+05 8.372789280500008317e+04 3.576431073978727363e+04 1.233295912237594348e+04 3.130892702047396597e+03 5.131190093364671156e+02
8.421815122159401653e+05 6.811272073454735801e+05 3.325586533220906858e+05 1.961665556446014671e+05 1.078131257222293352e+05 5.344654882401805662e+04 2.282965587779899215e+04 7.872574834933875536e+03 1.998562295750801923e+03 3.275424624492105181e+02
5.209772359373433283e+05 3.325586533220906858e+05 2.815645427145069698e+05 1.213495053746433841e+05 6.669367995118195540e+04 3.306227324257353757e+04 1.412252684735594630e+04 4.870009870463775769e+03 1.236319541079967394e+03 2.026192266912968591e+02
3.073091285466931295e+05 1.961665556446014671e+05 1.213495053746433841e+05 1.091742752884892834e+05 3.934063765472227533e+04 1.950246129212808955e+04 8.330462674688134939e+03 2.872675399364299665e+03 7.292684873091573081e+02 1.195191146294076390e+02
1.688970762764430547e+05 1.078131257222293207e+05 6.669367995118195540e+04 3.934063765472227533e+04 3.868882785105591029e+04 1.071855140786829361e+04 4.578421722903955924e+03 1.578822205309705168e+03 4.008059113295948919e+02 6.568769732132719241e+01
8.372789280500006862e+04 5.344654882401804934e+04 3.306227324257353757e+04 1.950246129212808955e+04 1.071855140786829361e+04 1.217873506233272019e+04 2.269675779371988483e+03 7.826746281146977253e+02 1.986928081838873368e+02 3.256357422626664544e+01
3.576431073978728091e+04 2.282965587779899215e+04 1.412252684735594630e+04 8.330462674688134939e+03 4.578421722903955015e+03 2.269675779371988483e+03 3.305248365690667924e+03 3.343189189441762323e+02 8.487149378283568524e+01 1.390950791200110004e+01
1.233295912237594530e+04 7.872574834933877355e+03 4.870009870463775769e+03 2.872675399364299665e+03 1.578822205309705168e+03 7.826746281146977253e+02 3.343189189441762323e+02 7.446839031131802358e+02 2.926707216851908555e+01 4.796552455300992612e+00
3.130892702047396597e+03 1.998562295750801923e+03 1.236319541079967394e+03 7.292684873091573081e+02 4.008059113295948919e+02 1.986928081838873368e+02 8.487149378283568524e+01 2.926707216851908555e+01 1.298463696493126918e+02 1.217671357561126877e+00
5.131190093364671156e+02 3.275424624492105181e+02 2.026192266912968876e+02 1.195191146294076674e+02 6.568769732132719241e+01 3.256357422626664544e+01 1.390950791200110004e+01 4.796552455300992612e+00 1.217671357561126877e+00 1.526163647412387192e+01
