1.563295459314621985e+06 8.186796636735546635e+05 5.055843794074413599e+05 2.992373583634992247e+05 1.657011402835588669e+05 8.288095042890004697e+04 3.557333177753480413e+04 1.215662812007082175e+04 2.964853624018150640e+03 4.396538451046925502e+02
8.186796636735546635e+05 6.686783221291049849e+05 3.204729996106900508e+05 1.896765361752751633e+05 1.050324013724904071e+05 5.253545773242606811e+04 2.254874320732438355e+04 7.705679284151988213e+03 1.879321381347521083e+03 2.786818427741178539e+02
5.055843794074413599e+05 3.204729996106900508e+05 2.768987036070424947e+05 1.171367728862608637e+05 6.486388244616073644e+04 3.244383361784059889e+04 1.392521745286527585e+04 4.758724629007303520e+03 1.160595012256946120e+03 1.721029515975087065e+02
2.992373583634992829e+05 1.896765361752751633e+05 1.171367728862608637e+05 1.085083544955705438e+05 3.839061811826223129e+04 1.920234774335003385e+04 8.241839453419177516e+03 2.816519349020278241e+03 6.869147856281849727e+02 1.018615975892266334e+02
1.657011402835588669e+05 1.050324013724904071e+05 6.486388244616073644e+04 3.839061811826223129e+04 3.907752480087363074e+04 1.063320079616985640e+04 4.563875991067318864e+03 1.559633029497746520e+03 3.803755115294142684e+02 5.640533309058479716e+01
8.288095042890004697e+04 5.253545773242607538e+04 3.244383361784059889e+04 1.920234774335003385e+04 1.063320079616985640e+04 1.248489240732721373e+04 2.282774754186944392e+03 7.801024638929638968e+02 1.902574952802840187e+02 2.821300811694056776e+01
3.557333177753480413e+04 2.254874320732438355e+04 1.392521745286527585e+04 8.241839453419177516e+03 4.563875991067318864e+03 2.282774754186944392e+03 3.398641091838988359e+03 3.348277695288135760e+02 8.166041735458087203e+01 1.210930488842765307e+01
1.215662812007082175e+04 7.705679284151988213e+03 4.758724629007303520e+03 2.816519349020278241e+03 1.559633029497746520e+03 7.801024638929637831e+02 3.348277695288135192e+02 7.496391839718065739e+02 2.790616667894837377e+01 4.138164995108368771e+00
2.964853624018150640e+03 1.879321381347520855e+03 1.160595012256946120e+03 6.869147856281850864e+02 3.803755115294142115e+02 1.902574952802839903e+02 8.166041735458087203e+01 2.790616667894837377e+01 1.230538242734091341e+02 1.009248071204519315e+00
4.396538451046925502e+02 2.786818427741177970e+02 1.721029515975087065e+02 1.018615975892266476e+02 5.640533309058479716e+01 2.821300811694056421e+01 1.210930488842765129e+01 4.138164995108368771e+00 1.009248071204519315e+00 1.277110542430041207e+01
