1.134365923354385421e+06 5.802093083856806625e+05 3.616019064953011111e+05 2.142442915138253011e+05 1.180675752098357334e+05 5.868939882670823863e+04 2.522968403230376498e+04 8.842310374193453754e+03 2.328183410927782006e+03 4.106567584816322665e+02
5.802093083856806625e+05 5.059211058607731247e+05 2.332578153842836909e+05 1.382021347216484428e+05 7.616161354924652551e+04 3.785865259732196864e+04 1.627486159364980085e+04 5.703891389358465858e+03 1.501836595692842820e+03 2.649015302065663491e+02
3.616019064953011111e+05 2.332578153842836909e+05 2.156579048316254921e+05 8.613125414363287564e+04 4.746594765566772548e+04 2.359452142300852938e+04 1.014292755244628097e+04 3.554817151370361898e+03 9.359845979684857866e+02 1.650936945888216201e+02
2.142442915138253011e+05 1.382021347216484428e+05 8.613125414363287564e+04 8.618459437281970168e+04 2.812293891114480357e+04 1.397943825814957017e+04 6.009548866629525037e+03 2.106181600196940508e+03 5.545583512077437263e+02 9.781580515821079302e+01
1.180675752098357334e+05 7.616161354924652551e+04 4.746594765566771821e+04 2.812293891114480357e+04 3.160229052411436714e+04 7.703908310802394226e+03 3.311793550131429583e+03 1.160692556752568180e+03 3.056107557257253688e+02 5.390516989099071310e+01
5.868939882670823863e+04 3.785865259732196864e+04 2.359452142300852938e+04 1.397943825814957017e+04 7.703908310802394226e+03 1.037881976973340352e+04 1.646236675479649421e+03 5.769606791481588743e+02 1.519139484032075131e+02 2.679535011141879153e+01
2.522968403230376862e+04 1.627486159364980085e+04 1.014292755244628279e+04 6.009548866629524127e+03 3.311793550131430038e+03 1.646236675479649421e+03 2.973536858800896425e+03 2.480266611173241245e+02 6.530550652988505078e+01 1.151891534691273300e+01
8.842310374193453754e+03 5.703891389358465858e+03 3.554817151370361898e+03 2.106181600196940508e+03 1.160692556752568180e+03 5.769606791481588743e+02 2.480266611173241245e+02 7.152644999174951863e+02 2.288778397469421932e+01 4.037063030240500616e+00
2.328183410927782006e+03 1.501836595692842820e+03 9.359845979684857866e+02 5.545583512077437263e+02 3.056107557257254825e+02 1.519139484032074847e+02 6.530550652988505078e+01 2.288778397469421932e+01 1.346659296843147615e+02 1.062960106366217294e+00
4.106567584816322665e+02 2.649015302065663491e+02 1.650936945888215632e+02 9.781580515821080724e+01 5.390516989099071310e+01 2.679535011141879153e+01 1.151891534691273300e+01 4.037063030240500616e+00 1.062960106366217294e+00 1.751649373961247846e+01
