2.772366553642497864e+06 1.489845212404361228e+06 9.171413773605057504e+05 5.536006699996088864e+05 3.204426756012575352e+05 1.715709126510748465e+05 8.020093444747925969e+04 2.987624951963372951e+04 7.680288394475158384e+03 1.086788872996565487e+03
1.489845212404361228e+06 1.123194600028265500e+06 5.682131506946457084e+05 3.429822148385064211e+05 1.985296343781049945e+05 1.062964241408362868e+05 4.968833243813403533e+04 1.850977209135075100e+04 4.758307687990021805e+03 6.733179255770581904e+02
9.171413773605057504e+05 5.682131506946457084e+05 4.555392586909540114e+05 2.111381627487946826e+05 1.222138654434889322e+05 6.543555534047216497e+04 3.058789280365077866e+04 1.139452456479953798e+04 2.929190784742945198e+03 4.144911998399317099e+02
5.536006699996090028e+05 3.429822148385064211e+05 2.111381627487946826e+05 1.807923910685958108e+05 7.377017269406541891e+04 3.949790967073843058e+04 1.846332350494437924e+04 6.877910635276572066e+03 1.768104701215506111e+03 2.501932761999156014e+02
3.204426756012574770e+05 1.985296343781049654e+05 1.222138654434889322e+05 7.377017269406541891e+04 6.776296777721187391e+04 2.286271773398891673e+04 1.068719223988682097e+04 3.981165858263731025e+03 1.023438431172886794e+03 1.448202778421529047e+02
1.715709126510748756e+05 1.062964241408362723e+05 6.543555534047216497e+04 3.949790967073843058e+04 2.286271773398891673e+04 2.279384249567259030e+04 5.722119636014146636e+03 2.131589553220318976e+03 5.479677928323583274e+02 7.753944506030363470e+01
8.020093444747925969e+04 4.968833243813402805e+04 3.058789280365077866e+04 1.846332350494437924e+04 1.068719223988682097e+04 5.722119636014146636e+03 6.426305421922880669e+03 9.964129197961889304e+02 2.561479003241901751e+02 3.624586390714389239e+01
2.987624951963372951e+04 1.850977209135075100e+04 1.139452456479953617e+04 6.877910635276571156e+03 3.981165858263730115e+03 2.131589553220318521e+03 9.964129197961889304e+02 1.397470847543618447e+03 9.541956882095034587e+01 1.350221766871885798e+01
7.680288394475158384e+03 4.758307687990021805e+03 2.929190784742945198e+03 1.768104701215506111e+03 1.023438431172886794e+03 5.479677928323583274e+02 2.561479003241901182e+02 9.541956882095034587e+01 2.114158731497958570e+02 3.471015516609267326e+00
1.086788872996565487e+03 6.733179255770581904e+02 4.144911998399316531e+02 2.501932761999156014e+02 1.448202778421529047e+02 7.753944506030364892e+01 3.624586390714389239e+01 1.350221766871885798e+01 3.471015516609267326e+00 1.854614658390950055e+01
