3.005884302046501398e+04 2.262664158211592076e+04 1.245130467033594505e+04 6.385007998657712960e+03 3.006681766401543882e+03 1.276548536187636500e+03 4.778720965129479055e+02 1.534635668099282384e+02 4.086310678889776682e+01 8.654458992836040920e+00
2.262664158211592076e+04 1.560675289100367627e+04 7.261940133492777932e+03 3.723910631517283946e+03 1.753578726580402645e+03 7.445178873004266507e+02 2.787080268472845432e+02 8.950413345045065228e+01 2.383247724043455307e+01 5.047516285058330610e+00
1.245130467033594505e+04 7.261940133492777932e+03 7.606598576345261790e+03 2.049245605886721933e+03 9.649838182494647754e+02 4.097037120444612697e+02 1.533713495990768934e+02 4.925358590232954015e+01 1.311486877504814075e+01 2.777617830098951579e+00
6.385007998657712960e+03 3.723910631517283946e+03 2.049245605886721933e+03 3.436733613251460611e+03 4.948420716727873696e+02 2.100953713481866316e+02 7.864856895583557161e+01 2.525715563752756054e+01 6.725282550472626575e+00 1.424357730531508937e+00
3.006681766401543882e+03 1.753578726580402645e+03 9.649838182494647754e+02 4.948420716727873696e+02 1.418238215642755904e+03 9.893330162949696671e+01 3.703538324193132780e+01 1.189352140866301433e+01 3.166916066926686035e+00 6.707259283187239074e-01
1.276548536187636500e+03 7.445178873004266507e+02 4.097037120444612697e+02 2.100953713481866316e+02 9.893330162949696671e+01 5.247846848801832493e+02 1.572413309347937727e+01 5.049638945499705045e+00 1.344579301554343687e+00 2.847704773901277853e-01
4.778720965129479623e+02 2.787080268472845432e+02 1.533713495990768934e+02 7.864856895583557161e+01 3.703538324193132780e+01 1.572413309347937904e+01 1.702462180783641941e+02 1.890317117691390214e+00 5.033392084570489367e-01 1.066029698031088629e-01
1.534635668099282100e+02 8.950413345045065228e+01 4.925358590232954015e+01 2.525715563752756054e+01 1.189352140866301610e+01 5.049638945499705933e+00 1.890317117691390214e+00 4.710446876377874048e+01 1.616420603101939024e-01 3.423441564781318225e-02
4.086310678889776682e+01 2.383247724043455662e+01 1.311486877504814075e+01 6.725282550472626575e+00 3.166916066926686479e+00 1.344579301554343465e+00 5.033392084570489367e-01 1.616420603101939024e-01 1.074182481590289839e+01 9.115678799546842251e-03
8.654458992836039144e+00 5.047516285058330610e+00 2.777617830098951579e+00 1.424357730531508714e+00 6.707259283187237964e-01 2.847704773901277853e-01 1.066029698031088768e-01 3.423441564781318225e-02 9.115678799546842251e-03 1.936429044650364029e+00
