5.493975187227702918e+03 6.474754936314966471e+02 3.901421206412783818e+02 2.256915124481814701e+02 1.247692235205398390e+02 6.551140914245740987e+01 3.247293883418920046e+01 1.507797905661886873e+01 6.503691800428754277e+00 2.581891875013651916e+00
6.474754936314966471e+02 2.980316697303960154e+03 2.436694095615659421e+02 1.409591906941786021e+02 7.792658474489334708e+01 4.091618295161287477e+01 2.028148567873074626e+01 9.417189428480410740e+00 4.061983203392676600e+00 1.612561257682918692e+00
3.901421206412783818e+02 2.436694095615659421e+02 1.580270481338816126e+03 8.493621476368103629e+01 4.695535711504193443e+01 2.465441015497955135e+01 1.222078968282795053e+01 5.674411294706106723e+00 2.447584127226929862e+00 9.716631361718253146e-01
2.256915124481814985e+02 1.409591906941786021e+02 8.493621476368103629e+01 8.134480285156334958e+02 2.716298754776658697e+01 1.426221579779463156e+01 7.069548149005352222e+00 3.282563967331257881e+00 1.415891631003664441e+00 5.620929174022650798e-01
1.247692235205398390e+02 7.792658474489334708e+01 4.695535711504194154e+01 2.716298754776658697e+01 4.037003941563098692e+02 7.884592430926176121e+00 3.908264088553122129e+00 1.814702524333780431e+00 7.827485290574176524e-01 3.107422875141471752e-01
6.551140914245740987e+01 4.091618295161287477e+01 2.465441015497955135e+01 1.426221579779463156e+01 7.884592430926176121e+00 1.914915032113788129e+02 2.052075668322386637e+00 9.528288803040406707e-01 4.109904485724039103e-01 1.631585463209297149e-01
3.247293883418920046e+01 2.028148567873074626e+01 1.222078968282795230e+01 7.069548149005353110e+00 3.908264088553121685e+00 2.052075668322386637e+00 8.609491107490897832e+01 4.723017617019841796e-01 2.037212734793424351e-01 8.087503481162386376e-02
1.507797905661886873e+01 9.417189428480410740e+00 5.674411294706106723e+00 3.282563967331257881e+00 1.814702524333780209e+00 9.528288803040406707e-01 4.723017617019841796e-01 3.633320730339509907e+01 9.459276570543093121e-02 3.755225504286987398e-02
6.503691800428754277e+00 4.061983203392676600e+00 2.447584127226929862e+00 1.415891631003664441e+00 7.827485290574176524e-01 4.109904485724038548e-01 2.037212734793424351e-01 9.459276570543093121e-02 1.425092964033781406e+01 1.619768088898570352e-02
2.581891875013651472e+00 1.612561257682918470e+00 9.716631361718254256e-01 5.620929174022650798e-01 3.107422875141471752e-01 1.631585463209297149e-01 8.087503481162386376e-02 3.755225504286987398e-02 1.619768088898570352e-02 5.141331521914083602e+00
