2.187292195682683028e+06 1.133430526638511103e+06 7.027224180296506966e+05 4.253329957974481513e+05 2.450776204721738177e+05 1.291092327543789870e+05 5.831442603730178962e+04 2.039618589598813560e+04 4.710679072341647952e+03 5.594493358165378822e+02
1.133430526638511335e+06 9.144493019163366407e+05 4.396129822794873035e+05 2.660821712058933335e+05 1.533170151705430762e+05 8.076886889436643105e+04 3.648066161323623237e+04 1.275955893651856059e+04 2.946932704040049430e+03 3.499834139946412961e+02
7.027224180296506966e+05 4.396129822794872453e+05 3.812125610863787588e+05 1.649698877433002053e+05 9.505593955128609377e+04 5.007637743735401455e+04 2.261786508980354120e+04 7.910875786497900663e+03 1.827086554387600017e+03 2.169883245354176324e+02
4.253329957974481513e+05 2.660821712058932753e+05 1.649698877433002053e+05 1.544542673599506670e+05 5.753399422072192101e+04 3.030945802730150899e+04 1.368979282625184169e+04 4.788172984557714699e+03 1.105870793104718359e+03 1.313353491503723944e+02
2.450776204721738177e+05 1.533170151705430762e+05 9.505593955128609377e+04 5.753399422072192101e+04 5.850586026273407333e+04 1.746436303914150267e+04 7.888082711110855598e+03 2.758953697595054109e+03 6.372046965593211780e+02 7.567565924037468506e+01
1.291092327543789870e+05 8.076886889436643105e+04 5.007637743735401455e+04 3.030945802730150899e+04 1.746436303914150631e+04 1.962460138043770348e+04 4.155517361285285006e+03 1.453443176145894313e+03 3.356855241280657083e+02 3.986666054567778161e+01
5.831442603730178234e+04 3.648066161323623237e+04 2.261786508980354120e+04 1.368979282625184169e+04 7.888082711110855598e+03 4.155517361285285006e+03 5.429114440060080597e+03 6.564728392122372043e+02 1.516181937646518918e+02 1.800646923654105791e+01
2.039618589598813924e+04 1.275955893651856059e+04 7.910875786497900663e+03 4.788172984557714699e+03 2.758953697595054109e+03 1.453443176145894313e+03 6.564728392122372043e+02 1.134602001477896692e+03 5.303032329015231738e+01 6.297983515158957601e+00
4.710679072341647952e+03 2.946932704040049430e+03 1.827086554387600245e+03 1.105870793104718587e+03 6.372046965593212917e+02 3.356855241280657083e+02 1.516181937646518918e+02 5.303032329015231738e+01 1.591060750860358439e+02 1.454574855029515446e+00
5.594493358165378822e+02 3.499834139946412961e+02 2.169883245354176893e+02 1.313353491503724229e+02 7.567565924037468506e+01 3.986666054567778161e+01 1.800646923654105791e+01 6.297983515158957601e+00 1.454574855029515446e+00 1.198596319530008891e+01
