3.243019290828518933e+04 8.311815664829360685e+03 4.531618923590570375e+03 2.307616578720260804e+03 1.083307184529464166e+03 4.615159284203060679e+02 1.750754306494297907e+02 5.779744332928768813e+01 1.614483646903004654e+01 3.689802975450537925e+00
8.311815664829360685e+03 1.413882245525407234e+04 2.616548972850333939e+03 1.332413843836360229e+03 6.254997052391281613e+02 2.664785033392460036e+02 1.010882525563581424e+02 3.337214437634090558e+01 9.322000810784389913e+00 2.130485892177701235e+00
4.531618923590570375e+03 2.616548972850334394e+03 5.974039909153219014e+03 7.264347565276353862e+02 3.410237203594371636e+02 1.452846257854313876e+02 5.511352232887853830e+01 1.819456146224915116e+01 5.082373934088495915e+00 1.161545271785501932e+00
2.307616578720261259e+03 1.332413843836360229e+03 7.264347565276353862e+02 2.428976360766252128e+03 1.736580246722882066e+02 7.398265757748021088e+01 2.806521907120541570e+01 9.265137334090699284e+00 2.588075155327858479e+00 5.914886426466269276e-01
1.083307184529464394e+03 6.254997052391281613e+02 3.410237203594371636e+02 1.736580246722882066e+02 9.371655277061399829e+02 3.473104900672632311e+01 1.317517551901579154e+01 4.349504996726471617e+00 1.214968047865091938e+00 2.776734670982565767e-01
4.615159284203060679e+02 2.664785033392460036e+02 1.452846257854313876e+02 7.398265757748021088e+01 3.473104900672632311e+01 3.359846354869757192e+02 5.612953969653728947e+00 1.852997806531560432e+00 5.176067459157647210e-01 1.182958350093465116e-01
1.750754306494297623e+02 1.010882525563581424e+02 5.511352232887853830e+01 2.806521907120541570e+01 1.317517551901579154e+01 5.612953969653728947e+00 1.089786781171686840e+02 7.029321611528758229e-01 1.963534048725702197e-01 4.487536178693674049e-02
5.779744332928768813e+01 3.337214437634090558e+01 1.819456146224915116e+01 9.265137334090697507e+00 4.349504996726471617e+00 1.852997806531560432e+00 7.029321611528759339e-01 3.101498423859482401e+01 6.482191560824823728e-02 1.481464972064146061e-02
1.614483646903004654e+01 9.322000810784391689e+00 5.082373934088495915e+00 2.588075155327858479e+00 1.214968047865091938e+00 5.176067459157648321e-01 1.963534048725702197e-01 6.482191560824823728e-02 7.484491472409636081e+00 4.138247010737901299e-03
3.689802975450537481e+00 2.130485892177701235e+00 1.161545271785501710e+00 5.914886426466270386e-01 2.776734670982566322e-01 1.182958350093465116e-01 4.487536178693673355e-02 1.481464972064146061e-02 4.138247010737901299e-03 1.475002342418859191e+00
