2.623959103076203610e+05 9.020846086692790268e+05 5.633100574733131798e+05 3.377690005214457051e+05 1.903329230552713270e+05 9.777881127355540229e+04 4.382728860869914934e+04 1.610214253725625531e+04 4.431048151278530895e+03 8.025401112428723991e+02
9.020846086692790268e+05 1.465276454643633624e+05 3.609836435892803129e+05 2.164511051811237121e+05 1.219702562522504741e+05 6.265918935954519839e+04 2.808565925765792417e+04 1.031866909808915261e+04 2.839530175872719155e+03 5.142884449506265128e+02
5.633100574733132962e+05 3.609836435892802547e+05 7.846254185480112210e+04 1.351636901106273581e+05 7.616477589706804429e+04 3.912776165356014826e+04 1.753819340066739460e+04 6.443530935825679990e+03 1.773155080128950431e+03 3.211493142648320145e+02
3.377690005214457051e+05 2.164511051811237412e+05 1.351636901106273581e+05 3.965938793506716320e+04 4.566952052140724118e+04 2.346158171867981218e+04 1.051615886722541472e+04 3.863635976579316775e+03 1.063209881021968840e+03 1.925658550886408591e+02
1.903329230552713270e+05 1.219702562522504886e+05 7.616477589706804429e+04 4.566952052140724118e+04 1.850137460617977922e+04 1.322060763753516767e+04 5.925858363030978580e+03 2.177159916714022074e+03 5.991190552233936160e+02 1.085109113716067952e+02
9.777881127355541685e+04 6.265918935954519839e+04 3.912776165356014826e+04 2.346158171867981218e+04 1.322060763753516767e+04 7.720965173328121637e+03 3.044262533310464732e+03 1.118461825686936436e+03 3.077825322635721363e+02 5.574478526263557399e+01
4.382728860869914934e+04 2.808565925765792417e+04 1.753819340066739460e+04 1.051615886722541472e+04 5.925858363030977671e+03 3.044262533310464732e+03 2.756361062724354269e+03 5.013269091097174623e+02 1.379570245796192296e+02 2.498642354426171863e+01
1.610214253725625713e+04 1.031866909808915261e+04 6.443530935825679990e+03 3.863635976579317230e+03 2.177159916714022074e+03 1.118461825686936663e+03 5.013269091097174623e+02 7.902277086664400940e+02 5.068540045061956789e+01 9.180010130174917293e+00
4.431048151278530895e+03 2.839530175872719155e+03 1.773155080128950658e+03 1.063209881021968840e+03 5.991190552233935023e+02 3.077825322635720795e+02 1.379570245796192296e+02 5.068540045061956789e+01 1.661390691878239920e+02 2.526189718039905330e+00
8.025401112428722854e+02 5.142884449506265128e+02 3.211493142648320145e+02 1.925658550886408591e+02 1.085109113716068094e+02 5.574478526263558109e+01 2.498642354426171863e+01 9.180010130174917293e+00 2.526189718039905330e+00 2.249420668077302565e+01
