2.395515527317352127e+06 1.308977892839574954e+06 8.239416963400486857e+05 5.049790742430537939e+05 2.951359047978327726e+05 1.593520047643746657e+05 7.573818806388796656e+04 2.946882529944878479e+04 8.410866091448737279e+03 1.492549236700712299e+03
1.308977892839574954e+06 1.026755410940920003e+06 5.255235836548048537e+05 3.220839701955940109e+05 1.882425407568507944e+05 1.016373330520100862e+05 4.830706370081458590e+04 1.879570210641730228e+04 5.364588914061461765e+03 9.519724843837551589e+02
8.239416963400486857e+05 5.255235836548048537e+05 4.345313734012473724e+05 2.027371235362945590e+05 1.184900670996810950e+05 6.397605113458936830e+04 3.040708649747533491e+04 1.183103455159857185e+04 3.376763285459503550e+03 5.992231251137960726e+02
5.049790742430539103e+05 3.220839701955939527e+05 2.027371235362945008e+05 1.776771305857159023e+05 7.262043498560825537e+04 3.920977323902538046e+04 1.863595744472000297e+04 7.251028685333248177e+03 2.069557597829740644e+03 3.672530960978462531e+02
2.951359047978328308e+05 1.882425407568507944e+05 1.184900670996811095e+05 7.262043498560825537e+04 6.806338028261475847e+04 2.291622067540907301e+04 1.089181798367757438e+04 4.237876420857067387e+03 1.209556564462159713e+03 2.146417155386398861e+02
1.593520047643746657e+05 1.016373330520100862e+05 6.397605113458937558e+04 3.920977323902538046e+04 2.291622067540907301e+04 2.344070803874411649e+04 5.880792553574914564e+03 2.288146215452282377e+03 6.530729073949324857e+02 1.158909747039291886e+02
7.573818806388796656e+04 4.830706370081457862e+04 3.040708649747534218e+04 1.863595744472000297e+04 1.089181798367757438e+04 5.880792553574914564e+03 6.893536286868492425e+03 1.087529765564280751e+03 3.103980947892380300e+02 5.508165680131922670e+01
2.946882529944878479e+04 1.879570210641730228e+04 1.183103455159857185e+04 7.251028685333248177e+03 4.237876420857067387e+03 2.288146215452282831e+03 1.087529765564280524e+03 1.631787324354499788e+03 1.207721951429563205e+02 2.143161545022768877e+01
8.410866091448735460e+03 5.364588914061461765e+03 3.376763285459503550e+03 2.069557597829740644e+03 1.209556564462159486e+03 6.530729073949324857e+02 3.103980947892380300e+02 1.207721951429563205e+02 2.885961636777208810e+02 6.116920027981591623e+00
1.492549236700712299e+03 9.519724843837551589e+02 5.992231251137959589e+02 3.672530960978461962e+02 2.146417155386398861e+02 1.158909747039291886e+02 5.508165680131923381e+01 2.143161545022768877e+01 6.116920027981591623e+00 3.335133105695351219e+01
