8.502026877058082391e+03 2.291953124013824436e+03 1.306626507897449528e+03 7.062485318191178294e+02 3.590988393248417196e+02 1.701143880704458411e+02 7.425797367344644329e+01 2.947592405546264160e+01 1.048213826478220945e+01 3.280082830313873821e+00
2.291953124013823981e+03 4.632040280653893205e+03 7.799717892799108085e+02 4.215848428834273136e+02 2.143588566002968605e+02 1.015473226997905698e+02 4.432722300083958800e+01 1.759522639963336843e+01 6.257160778880566987e+00 1.957997988471102069e+00
1.306626507897449301e+03 7.799717892799110359e+02 2.403224198229738249e+03 2.403425817342087214e+02 1.222044907035570986e+02 5.789142118805499848e+01 2.527064100375082845e+01 1.003091598398645701e+01 3.567163766222073651e+00 1.116241011799504745e+00
7.062485318191178294e+02 4.215848428834273136e+02 2.403425817342087214e+02 1.178703829625063236e+03 6.605310822904567658e+01 3.129106211443471963e+01 1.365910839796598530e+01 5.421839862939142662e+00 1.928098165333121061e+00 6.033427080920357177e-01
3.590988393248417196e+02 2.143588566002968605e+02 1.222044907035570986e+02 6.605310822904567658e+01 5.422091509372693281e+02 1.591024063100340946e+01 6.945104663492635666e+00 2.756786476811052822e+00 9.803600037115687282e-01 3.067753863259668479e-01
1.701143880704457843e+02 1.015473226997905698e+02 5.789142118805499848e+01 3.129106211443471963e+01 1.591024063100340946e+01 2.316696424849007769e+02 3.290075323374953786e+00 1.305960903202368906e+00 4.644218355973852019e-01 1.453274179834038726e-01
7.425797367344644329e+01 4.432722300083958800e+01 2.527064100375082845e+01 1.365910839796598530e+01 6.945104663492635666e+00 3.290075323374953786e+00 9.092486826737051331e+01 5.700752973839721127e-01 2.027284395655171712e-01 6.343801780113161870e-02
2.947592405546264160e+01 1.759522639963336843e+01 1.003091598398645701e+01 5.421839862939141774e+00 2.756786476811052378e+00 1.305960903202368906e+00 5.700752973839721127e-01 3.234626086231788378e+01 8.047092847959599893e-02 2.518105601909103805e-02
1.048213826478220945e+01 6.257160778880566987e+00 3.567163766222074095e+00 1.928098165333120617e+00 9.803600037115685062e-01 4.644218355973853130e-01 2.027284395655171712e-01 8.047092847959599893e-02 1.027536823696063628e+01 8.954810385203909248e-03
3.280082830313873377e+00 1.957997988471101847e+00 1.116241011799504745e+00 6.033427080920357177e-01 3.067753863259668479e-01 1.453274179834038726e-01 6.343801780113161870e-02 2.518105601909103805e-02 8.954810385203909248e-03 2.862575825653050465e+00
