9.690676271261356305e+05 4.969058929054373875e+05 3.124570386069036322e+05 1.873013377481177449e+05 1.049737887928328128e+05 5.354963868965791335e+04 2.396904603350524121e+04 8.952184945948511086e+03 2.602893019147229552e+03 5.355406922206448144e+02
4.969058929054373293e+05 4.391439386445935816e+05 2.031263179905957659e+05 1.217633990935723850e+05 6.824278722629959520e+04 3.481227686613757396e+04 1.558212318800822868e+04 5.819758051055102442e+03 1.692124067552115775e+03 3.481515712685596782e+02
3.124570386069036322e+05 2.031263179905957659e+05 1.906202894946559682e+05 7.656546568411975750e+04 4.291142348571104230e+04 2.189014276557785706e+04 9.798121004492797510e+03 3.659494467672601331e+03 1.064016512284386181e+03 2.189195388866440908e+02
1.873013377481177740e+05 1.217633990935723850e+05 7.656546568411975750e+04 7.794402491514326539e+04 2.572311079751779835e+04 1.312197363762451823e+04 5.873451210258269384e+03 2.193671847921591507e+03 6.378211770344445313e+02 1.312305930936502421e+02
1.049737887928328273e+05 6.824278722629959520e+04 4.291142348571104230e+04 2.572311079751779835e+04 2.947327514336191598e+04 7.354262952641181982e+03 3.291799376573622794e+03 1.229452218617795552e+03 3.574694464577183339e+02 7.354871421738930337e+01
5.354963868965791335e+04 3.481227686613757396e+04 2.189014276557785706e+04 1.312197363762451823e+04 7.354262952641181982e+03 1.009815627398914148e+04 1.679225540789416755e+03 6.271729624155121883e+02 1.823537086784638745e+02 3.751895704367496620e+01
2.396904603350524121e+04 1.558212318800822504e+04 9.798121004492797510e+03 5.873451210258269384e+03 3.291799376573623704e+03 1.679225540789416755e+03 3.064153647698902205e+03 2.807252854538970155e+02 8.162229558681691799e+01 1.679364474745993618e+01
8.952184945948511086e+03 5.819758051055102442e+03 3.659494467672600877e+03 2.193671847921591507e+03 1.229452218617795552e+03 6.271729624155121883e+02 2.807252854538970155e+02 7.971967254909610574e+02 3.048506330976428913e+01 6.272248527774736182e+00
2.602893019147229552e+03 1.692124067552115548e+03 1.064016512284386181e+03 6.378211770344444176e+02 3.574694464577182771e+02 1.823537086784638745e+02 8.162229558681691799e+01 3.048506330976428913e+01 1.676883448363919911e+02 1.823687960634682970e+00
5.355406922206449281e+02 3.481515712685596782e+02 2.189195388866440908e+02 1.312305930936502421e+02 7.354871421738930337e+01 3.751895704367496620e+01 1.679364474745993618e+01 6.272248527774736182e+00 1.823687960634682970e+00 2.573971946215250739e+01
