2.614322450084334239e+06 1.429420337372914189e+06 8.987777933729968499e+05 5.505702238989417674e+05 3.215645938852699474e+05 1.732130822536484629e+05 8.178941310383231030e+04 3.133199358456840127e+04 8.660087790854302511e+03 1.444826049496817859e+03
1.429420337372914189e+06 1.115237613674788969e+06 5.720737287910636514e+05 3.504389664159022504e+05 2.046764591064909182e+05 1.102504474085451657e+05 5.205911280289512797e+04 1.994287190064463357e+04 5.512161905535605001e+03 9.196344543495919197e+02
8.987777933729968499e+05 5.720737287910636514e+05 4.704319292689873837e+05 2.203457952235839621e+05 1.286945844140024710e+05 6.932226389219661360e+04 3.273325088961242363e+04 1.253949585838694657e+04 3.465886544805404810e+03 5.782393072069974096e+02
5.505702238989417674e+05 3.504389664159022504e+05 2.203457952235839621e+05 1.918043518620308605e+05 7.883528796309867175e+04 4.246519510575939785e+04 2.005162277496875322e+04 7.681401446760953149e+03 2.123120914926659225e+03 3.542158553354512378e+02
3.215645938852699474e+05 2.046764591064909182e+05 1.286945844140024710e+05 7.883528796309867175e+04 7.316502193993626861e+04 2.480210993202698955e+04 1.171129794980881161e+04 4.486379083861961590e+03 1.240024405865850895e+03 2.068823788944587250e+02
1.732130822536484338e+05 1.102504474085451657e+05 6.932226389219662815e+04 4.246519510575939057e+04 2.480210993202699683e+04 2.498499650210227264e+04 6.308374907098691438e+03 2.416620374416248978e+03 6.679480685812285401e+02 1.114386819746135160e+02
8.178941310383229575e+04 5.205911280289512797e+04 3.273325088961242363e+04 2.005162277496875322e+04 1.171129794980880979e+04 6.308374907098691438e+03 7.227021059785914076e+03 1.141102967204460356e+03 3.153981200628759325e+02 5.262018478732009896e+01
3.133199358456840127e+04 1.994287190064463357e+04 1.253949585838694657e+04 7.681401446760953149e+03 4.486379083861962499e+03 2.416620374416248978e+03 1.141102967204460356e+03 1.660780509255607285e+03 1.208231175573985468e+02 2.015780807819327336e+01
8.660087790854302511e+03 5.512161905535605001e+03 3.465886544805404810e+03 2.123120914926659680e+03 1.240024405865850895e+03 6.679480685812286538e+02 3.153981200628759325e+02 1.208231175573985325e+02 2.802462235505862509e+02 5.571569748894750873e+00
1.444826049496817859e+03 9.196344543495919197e+02 5.782393072069972959e+02 3.542158553354512378e+02 2.068823788944587250e+02 1.114386819746135160e+02 5.262018478732009896e+01 2.015780807819327336e+01 5.571569748894749985e+00 3.008750068675316314e+01
