2.593843901009507827e+05 1.155418307155766524e+05 6.814842983690091933e+04 3.781447551396994822e+04 1.942798083044948726e+04 9.061394100130633888e+03 3.741785936016700362e+03 1.325169563356970002e+03 3.865376191341816821e+02 8.818094345873929285e+01
1.155418307155766524e+05 1.114288161290165735e+05 4.220144770839843841e+04 2.341690945547230513e+04 1.203092894521876588e+04 5.611339104907588080e+03 2.317130180295441278e+03 8.206216073739774401e+02 2.393664411676167560e+02 5.460673830868202572e+01
6.814842983690091933e+04 4.220144770839843841e+04 4.555319249882430449e+04 1.381166977483399205e+04 7.096035366743145460e+03 3.309658042576779735e+03 1.366680643165031142e+03 4.840158208193511200e+02 1.411821763615249381e+02 3.220793241031392284e+01
3.781447551396994822e+04 2.341690945547230513e+04 1.381166977483399205e+04 1.766381722107331007e+04 3.937476714638507019e+03 1.836476398798342871e+03 7.583492655673335321e+02 2.685726501483801485e+02 7.833973524861848148e+01 1.787166739424910489e+01
1.942798083044948726e+04 1.203092894521876769e+04 7.096035366743145460e+03 3.937476714638507019e+03 6.471247248189219135e+03 9.435283125438584193e+02 3.896178591392776411e+02 1.379848385504674013e+02 4.024868397580646473e+01 9.181944396276751519e+00
9.061394100130633888e+03 5.611339104907588080e+03 3.309658042576779735e+03 1.836476398798342871e+03 9.435283125438584193e+02 2.222831633921842240e+03 1.817214563325517247e+02 6.435743440661792647e+01 1.877236706682282019e+01 4.282545752245563442e+00
3.741785936016700362e+03 2.317130180295441278e+03 1.366680643165031370e+03 7.583492655673336458e+02 3.896178591392776411e+02 1.817214563325517247e+02 7.026862322482496666e+02 2.657557328152503473e+01 7.751807095043804274e+00 1.768422087046130464e+00
1.325169563356969775e+03 8.206216073739774401e+02 4.840158208193511200e+02 2.685726501483801485e+02 1.379848385504674013e+02 6.435743440661792647e+01 2.657557328152503473e+01 1.974060573776752108e+02 2.745335783238886052e+00 6.262942789871245308e-01
3.865376191341816821e+02 2.393664411676167560e+02 1.411821763615249097e+02 7.833973524861848148e+01 4.024868397580646473e+01 1.877236706682282019e+01 7.751807095043804274e+00 2.745335783238886940e+00 4.679346782990688780e+01 1.826832627092489503e-01
8.818094345873930706e+01 5.460673830868202572e+01 3.220793241031392284e+01 1.787166739424910844e+01 9.181944396276751519e+00 4.282545752245563442e+00 1.768422087046130464e+00 6.262942789871245308e-01 1.826832627092489503e-01 8.766703658776625829e+00
