5.345889264443997490e+03 1.246342890382225505e+03 6.882768387333418332e+02 3.597571612397831586e+02 1.764830799358333593e+02 8.049577044528145109e+01 3.377303645222832529e+01 1.286418297751646733e+01 4.384474562845690038e+00 1.313549902359349320e+00
1.246342890382225505e+03 2.831682627160539141e+03 3.989108915324516147e+02 2.085077425959210586e+02 1.022859099648878356e+02 4.665366861975633839e+01 1.957414709132178032e+01 7.455811980890782564e+00 2.541149953534538763e+00 7.613061098886424460e-01
6.882768387333418332e+02 3.989108915324516147e+02 1.425373151309679770e+03 1.151457203573683046e+02 5.648607883180991251e+01 2.576388873456099304e+01 1.080957109386221759e+01 4.117376317542852604e+00 1.403317393843155569e+00 4.204215121424867974e-01
3.597571612397831586e+02 2.085077425959210586e+02 1.151457203573683046e+02 6.772592994591669822e+02 2.952485137738535315e+01 1.346659215018895850e+01 5.650082048531826828e+00 2.152121838766406281e+00 7.335035170681069028e-01 2.197511832751305738e-01
1.764830799358333593e+02 1.022859099648878072e+02 5.648607883180991251e+01 2.952485137738534959e+01 3.011775243542572866e+02 6.606194163626415872e+00 2.771713781537343380e+00 1.055748519900938209e+00 3.598287227690923906e-01 1.078015111924063713e-01
8.049577044528146530e+01 4.665366861975634549e+01 2.576388873456098594e+01 1.346659215018895850e+01 6.606194163626415872e+00 1.241758409555202292e+02 1.264207517115935264e+00 4.815378932461416017e-01 1.641216272867110915e-01 4.916939177259043586e-02
3.377303645222833239e+01 1.957414709132178032e+01 1.080957109386221759e+01 5.650082048531826828e+00 2.771713781537343380e+00 1.264207517115935264e+00 4.695903477706914941e+01 2.020354203925069092e-01 6.885934093544714141e-02 2.062965111686727165e-02
1.286418297751646733e+01 7.455811980890782564e+00 4.117376317542852604e+00 2.152121838766406281e+00 1.055748519900938209e+00 4.815378932461416017e-01 2.020354203925069092e-01 1.607410832041303195e+01 2.622859104652214279e-02 7.857854507843570202e-03
4.384474562845690038e+00 2.541149953534538763e+00 1.403317393843155569e+00 7.335035170681069028e-01 3.598287227690923351e-01 1.641216272867110915e-01 6.885934093544712753e-02 2.622859104652214279e-02 4.908371368862086470e+00 2.678177329131383941e-03
1.313549902359349320e+00 7.613061098886424460e-01 4.204215121424867974e-01 2.197511832751305738e-01 1.078015111924063713e-01 4.916939177259043586e-02 2.062965111686727512e-02 7.857854507843570202e-03 2.678177329131383941e-03 1.313374618570742003e+00
