2.370760832149926573e+05 6.781731423016060144e+05 4.263629364692625822e+05 2.562802279378837557e+05 1.443189950938345864e+05 7.404154145824704028e+04 3.329447269571372453e+04 1.243009924535118444e+04 3.573184467113323535e+03 7.117777743166313940e+02
6.781731423016060144e+05 1.340226346200621338e+05 2.763525598449854297e+05 1.661112891631385137e+05 9.354219214904088585e+04 4.799096677187442401e+04 2.158023592374986401e+04 8.056726914459799445e+03 2.316004956862133895e+03 4.613478169609802535e+02
4.263629364692625822e+05 2.763525598449854297e+05 7.246954250292833603e+04 1.044330608374238655e+05 5.880935301135801274e+04 3.017160108613568809e+04 1.356735055434776768e+04 5.065210535943522700e+03 1.456056886791237048e+03 2.900462989519093640e+02
2.562802279378837557e+05 1.661112891631385137e+05 1.044330608374238655e+05 3.691860794443338818e+04 3.534940095740908873e+04 1.813568709240560202e+04 8.155126525244032564e+03 3.044620438762176946e+03 8.752134834409685027e+02 1.743423859106800080e+02
1.443189950938345573e+05 9.354219214904088585e+04 5.880935301135801274e+04 3.534940095740908873e+04 1.735130678963374157e+04 1.021274312720909620e+04 4.592393546924564362e+03 1.714516042458048560e+03 4.928586627189575324e+02 9.817736678066812317e+01
7.404154145824704028e+04 4.799096677187442401e+04 3.017160108613568445e+04 1.813568709240560202e+04 1.021274312720909620e+04 7.311823458040362311e+03 2.356085537985620249e+03 8.796167861060063160e+02 2.528566325246042652e+02 5.036900075437755930e+01
3.329447269571372453e+04 2.158023592374986401e+04 1.356735055434776768e+04 8.155126525244032564e+03 4.592393546924564362e+03 2.356085537985620249e+03 2.656325294173018847e+03 3.955398076661174400e+02 1.137027684960878560e+02 2.264957329761555727e+01
1.243009924535118444e+04 8.056726914459799445e+03 5.065210535943522700e+03 3.044620438762177400e+03 1.714516042458048560e+03 8.796167861060065434e+02 3.955398076661174400e+02 7.876435464579118388e+02 4.244958944970804993e+01 8.455951428552342719e+00
3.573184467113323080e+03 2.316004956862133895e+03 1.456056886791237048e+03 8.752134834409687301e+02 4.928586627189575324e+02 2.528566325246042652e+02 1.137027684960878844e+02 4.244958944970804993e+01 1.766977792099514488e+02 2.430766939408640859e+00
7.117777743166313940e+02 4.613478169609802535e+02 2.900462989519094208e+02 1.743423859106800364e+02 9.817736678066812317e+01 5.036900075437755930e+01 2.264957329761556082e+01 8.455951428552342719e+00 2.430766939408640859e+00 2.697741250142188107e+01
