2.418029686317005253e+05 5.758870878080039984e+05 3.586682551222588518e+05 2.122964242660923337e+05 1.167002588666520169e+05 5.771439412790711503e+04 2.455900487089336093e+04 8.449300968660027138e+03 2.153489254509920556e+03 3.597032853340434713e+02
5.758870878080039984e+05 1.351578531266798964e+05 2.312014998870686104e+05 1.368486087352533359e+05 7.522626968473149464e+04 3.720333287621764612e+04 1.583100450289052606e+04 5.446512282737639907e+03 1.388162845534416192e+03 2.318686917390809015e+02
3.586682551222588518e+05 2.312014998870686104e+05 7.193669773758381780e+04 8.523068627533801191e+04 4.685167536899952393e+04 2.317060890917946381e+04 9.859708408286787744e+03 3.392142484713493104e+03 8.645617451304469796e+02 1.444101471350634824e+02
2.122964242660923628e+05 1.368486087352533359e+05 8.523068627533801191e+04 3.583474649751543620e+04 2.773159600735760250e+04 1.371472760478931923e+04 5.835980211496860647e+03 2.007815606263506879e+03 5.117357458520613136e+02 8.547664151114787501e+01
1.167002588666520023e+05 7.522626968473149464e+04 4.685167536899952393e+04 2.773159600735760250e+04 1.631545736270065026e+04 7.539044839297198450e+03 3.208063460214953921e+03 1.103704887246559110e+03 2.813033437501619574e+02 4.698687802155406956e+01
5.771439412790712231e+04 3.720333287621764612e+04 2.317060890917946381e+04 1.371472760478931923e+04 7.539044839297198450e+03 6.573195867678679861e+03 1.586555511772662840e+03 5.458399105715081987e+02 1.391192462498841280e+02 2.323747370667393497e+01
2.455900487089335729e+04 1.583100450289052606e+04 9.859708408286787744e+03 5.835980211496860647e+03 3.208063460214953921e+03 1.586555511772662840e+03 2.239869535262609133e+03 2.322693536857506160e+02 5.919892771834271628e+01 9.888161152392854092e+00
8.449300968660027138e+03 5.446512282737639907e+03 3.392142484713493559e+03 2.007815606263506879e+03 1.103704887246559110e+03 5.458399105715081987e+02 2.322693536857506160e+02 6.062860268626266134e+02 2.036684955044895418e+01 3.401931391047452014e+00
2.153489254509920556e+03 1.388162845534416419e+03 8.645617451304469796e+02 5.117357458520613136e+02 2.813033437501619574e+02 1.391192462498841280e+02 5.919892771834271628e+01 2.036684955044895062e+01 1.193864480370918670e+02 8.670566621279329755e-01
3.597032853340434713e+02 2.318686917390809015e+02 1.444101471350634824e+02 8.547664151114787501e+01 4.698687802155406956e+01 2.323747370667393497e+01 9.888161152392854092e+00 3.401931391047452014e+00 8.670566621279329755e-01 1.512213020519666884e+01
