3.444328378071633633e+05 1.175156224860256305e+06 7.391212828698983649e+05 4.558375638919581543e+05 2.702562421151050949e+05 1.492045515159414790e+05 7.298464559750963235e+04 2.927818960034531483e+04 8.542462659593573335e+03 1.506852360537896629e+03
1.175156224860256305e+06 1.922132841977367352e+05 4.682146171257191454e+05 2.887615542884618044e+05 1.712004861183695903e+05 9.451730531990109012e+04 4.623392491392969532e+04 1.854699174759507878e+04 5.411433787892146029e+03 9.545528148164909226e+02
7.391212828698983649e+05 4.682146171257191454e+05 1.042057132923698809e+05 1.816182443951855821e+05 1.076775327831895847e+05 5.944720411089048139e+04 2.907909363162152295e+04 1.166523739044996910e+04 3.403552479967488125e+03 6.003714962562831943e+02
4.558375638919581543e+05 2.887615542884618044e+05 1.816182443951855821e+05 5.406736689876238233e+04 6.640786210241678054e+04 3.666281749712003511e+04 1.793392168299629702e+04 7.194290730794834417e+03 2.099069675037222169e+03 3.702665403179930763e+02
2.702562421151050949e+05 1.712004861183695903e+05 1.076775327831895847e+05 6.640786210241678054e+04 2.626060865630172702e+04 2.173659230170868977e+04 1.063263465838885895e+04 4.265339523552253013e+03 1.244493054652669343e+03 2.195230312151710166e+02
1.492045515159414499e+05 9.451730531990109012e+04 5.944720411089048139e+04 3.666281749712003511e+04 2.173659230170868977e+04 1.154184571211746697e+04 5.870123380765740876e+03 2.354832087111536111e+03 6.870665655340191051e+02 1.211954816049332919e+02
7.298464559750964690e+04 4.623392491392969532e+04 2.907909363162152295e+04 1.793392168299629702e+04 1.063263465838885895e+04 5.870123380765740876e+03 4.360179761941228207e+03 1.151885673548749764e+03 3.360843169857377575e+02 5.928377642025540695e+01
2.927818960034531483e+04 1.854699174759507878e+04 1.166523739044996910e+04 7.194290730794834417e+03 4.265339523552253922e+03 2.354832087111536566e+03 1.151885673548749992e+03 1.308632437361301299e+03 1.348220611863427791e+02 2.378201102501406794e+01
8.542462659593573335e+03 5.411433787892146938e+03 3.403552479967487216e+03 2.099069675037222169e+03 1.244493054652669571e+03 6.870665655340191051e+02 3.360843169857377575e+02 1.348220611863427791e+02 2.764594466703446187e+02 6.938849154417294329e+00
1.506852360537896629e+03 9.545528148164909226e+02 6.003714962562831943e+02 3.702665403179931332e+02 2.195230312151709882e+02 1.211954816049332919e+02 5.928377642025540695e+01 2.378201102501406794e+01 6.938849154417294329e+00 3.414627930835537484e+01
