2.944593094440675923e+05 1.075927324536812957e+06 6.772105497803298058e+05 4.122111011532669654e+05 2.376909361648317717e+05 1.259229158321346040e+05 5.862869267471242347e+04 2.247112014870997518e+04 6.444108494087168765e+03 1.202015716055856046e+03
1.075927324536812957e+06 1.649692360653232608e+05 4.346210821152776480e+05 2.645493855659465189e+05 1.525456033112040022e+05 8.081497543094391585e+04 3.762679990964855824e+04 1.442154520265925021e+04 4.135708470396553821e+03 7.714312356788105944e+02
6.772105497803298058e+05 4.346210821152776480e+05 8.904330627441992692e+04 1.665127660181784886e+05 9.601530654445049004e+04 5.086658986529050890e+04 2.368307344946114972e+04 9.077213983369365451e+03 2.603099059849734203e+03 4.855545159211093846e+02
4.122111011532670236e+05 2.645493855659465771e+05 1.665127660181784595e+05 4.559847149367634120e+04 5.844353023013999336e+04 3.096197043457819018e+04 1.441564338958211920e+04 5.525206854356069925e+03 1.584479642586424461e+03 2.955520432200974597e+02
2.376909361648317717e+05 1.525456033112040313e+05 9.601530654445050459e+04 5.844353023013999336e+04 2.167544583535122001e+04 1.785342441655008224e+04 8.312410226463367508e+03 3.185968514777905511e+03 9.136494590436876706e+02 1.704224889671121161e+02
1.259229158321346185e+05 8.081497543094393041e+04 5.086658986529051617e+04 3.096197043457819018e+04 1.785342441655008224e+04 9.266013275067294671e+03 4.403714126411828147e+03 1.687849152363125995e+03 4.840294114179018834e+02 9.028571758086137322e+01
5.862869267471242347e+04 3.762679990964855824e+04 2.368307344946115336e+04 1.441564338958211920e+04 8.312410226463367508e+03 4.403714126411828147e+03 3.404343914646873600e+03 7.858489344948811777e+02 2.253601849989900927e+02 4.203630097019546241e+01
2.247112014870997518e+04 1.442154520265925021e+04 9.077213983369365451e+03 5.525206854356069925e+03 3.185968514777905511e+03 1.687849152363125768e+03 7.858489344948810640e+02 1.006072489702234861e+03 8.637572428818705816e+01 1.611161236273002473e+01
6.444108494087166946e+03 4.135708470396553821e+03 2.603099059849734203e+03 1.584479642586424461e+03 9.136494590436876706e+02 4.840294114179019402e+02 2.253601849989900643e+02 8.637572428818705816e+01 2.172135519653737958e+02 4.620373946337017479e+00
1.202015716055856046e+03 7.714312356788105944e+02 4.855545159211093846e+02 2.955520432200974597e+02 1.704224889671121161e+02 9.028571758086138743e+01 4.203630097019546241e+01 1.611161236273002473e+01 4.620373946337017479e+00 2.976483583063409100e+01
