2.345071102011310286e+05 6.240082294249391416e+05 3.941504515232045087e+05 2.382907453688417445e+05 1.351224421530495456e+05 6.989815008474537171e+04 3.171730262954246064e+04 1.195692773071995543e+04 3.468526587181639570e+03 6.955051719416978813e+02
6.240082294249391416e+05 1.331219564705071389e+05 2.564397375776595727e+05 1.550352561399340921e+05 8.791253053921859828e+04 4.547670361818856327e+04 2.063571595962573701e+04 7.779342628306873848e+03 2.256671391243173730e+03 4.525052884942181777e+02
3.941504515232045087e+05 2.564397375776596309e+05 7.233697161937446799e+04 9.792693962687739986e+04 5.552933755138656124e+04 2.872504306780475599e+04 1.303440624571034823e+04 4.913767583364375241e+03 1.425410765203678466e+03 2.858218135055669222e+02
2.382907453688417445e+05 1.550352561399340921e+05 9.792693962687742896e+04 3.706599336277640396e+04 3.357125986744916008e+04 1.736624148704369145e+04 7.880184756169812317e+03 2.970706580403893895e+03 8.617577181112503695e+02 1.727987186611301809e+02
1.351224421530495456e+05 8.791253053921859828e+04 5.552933755138656124e+04 3.357125986744916008e+04 1.753815596396146429e+04 9.847503549148665115e+03 4.468448018082902308e+03 1.684535114626385621e+03 4.886585386905971404e+02 9.798527773400759600e+01
6.989815008474537171e+04 4.547670361818855599e+04 2.872504306780475599e+04 1.736624148704369145e+04 9.847503549148665115e+03 7.447965470883604212e+03 2.311505366814395074e+03 8.714014222138706600e+02 2.527805694845254152e+02 5.068728436235230816e+01
3.171730262954246064e+04 2.063571595962573701e+04 1.303440624571034823e+04 7.880184756169812317e+03 4.468448018082902308e+03 2.311505366814395074e+03 2.727982676034451288e+03 3.954110743512065369e+02 1.147028613988817085e+02 2.300009278702300008e+01
1.195692773071995362e+04 7.779342628306873848e+03 4.913767583364376151e+03 2.970706580403893895e+03 1.684535114626385621e+03 8.714014222138706600e+02 3.954110743512065369e+02 8.157240472761681076e+02 4.324118731886630229e+01 8.670675765414371128e+00
3.468526587181640480e+03 2.256671391243173730e+03 1.425410765203678466e+03 8.617577181112503695e+02 4.886585386905971404e+02 2.527805694845254152e+02 1.147028613988817085e+02 4.324118731886630229e+01 1.843365907233893495e+02 2.515233854253663637e+00
6.955051719416978813e+02 4.525052884942181777e+02 2.858218135055669791e+02 1.727987186611302093e+02 9.798527773400762442e+01 5.068728436235230816e+01 2.300009278702300008e+01 8.670675765414372904e+00 2.515233854253664081e+00 2.826458656118726864e+01
