1.529446133189297281e+06 8.023795464553558268e+05 5.068698337886272348e+05 3.087229690716438345e+05 1.774037931585126789e+05 9.316070600156307046e+04 4.268742387813172536e+04 1.594936636965228899e+04 4.401070174039365156e+03 7.762846039815789254e+02
8.023795464553558268e+05 6.796187420946729835e+05 3.272698554301747936e+05 1.993326781766711210e+05 1.145440305764232326e+05 6.015092781713821751e+04 2.756192243057929227e+04 1.029800252065447239e+04 2.841632118506703137e+03 5.012224701138293881e+02
5.068698337886272348e+05 3.272698554301747936e+05 2.942328801119942800e+05 1.259201108781912772e+05 7.235841690660726454e+04 3.799784144497874513e+04 1.741109566289283248e+04 6.505333852362126891e+03 1.795082646309775555e+03 3.166264036016992236e+02
3.087229690716438345e+05 1.993326781766711501e+05 1.259201108781912772e+05 1.215273327631741704e+05 4.407187766089710203e+04 2.314362711531838795e+04 1.060470517186122743e+04 3.962251938909078945e+03 1.093344301347474811e+03 1.928499920300178019e+02
1.774037931585126789e+05 1.145440305764232180e+05 7.235841690660726454e+04 4.407187766089710203e+04 4.656656886579591810e+04 1.329919587794221843e+04 6.093861200134063438e+03 2.276858523115004118e+03 6.282766289484402478e+02 1.108188360574318381e+02
9.316070600156305591e+04 6.015092781713821751e+04 3.799784144497874513e+04 2.314362711531838795e+04 1.329919587794221843e+04 1.598778364250146842e+04 3.200091731819773486e+03 1.195655085511860989e+03 3.299292155766974588e+02 5.819470272632347019e+01
4.268742387813171808e+04 2.756192243057929227e+04 1.741109566289282884e+04 1.060470517186122743e+04 6.093861200134063438e+03 3.200091731819773486e+03 4.723645122509238718e+03 5.478644123460410356e+02 1.511777752614463850e+02 2.666555513972551594e+01
1.594936636965228899e+04 1.029800252065447239e+04 6.505333852362127800e+03 3.962251938909078945e+03 2.276858523115004118e+03 1.195655085511860989e+03 5.478644123460410356e+02 1.143735548883327283e+03 5.648477948628307388e+01 9.963091461968557994e+00
4.401070174039365156e+03 2.841632118506703137e+03 1.795082646309775328e+03 1.093344301347474811e+03 6.282766289484402478e+02 3.299292155766974020e+02 1.511777752614463850e+02 5.648477948628307388e+01 2.108324287681487021e+02 2.749216718598208153e+00
7.762846039815789254e+02 5.012224701138293881e+02 3.166264036016992236e+02 1.928499920300178019e+02 1.108188360574318239e+02 5.819470272632347019e+01 2.666555513972551950e+01 9.963091461968556217e+00 2.749216718598208153e+00 2.581082134408467610e+01
