2.516549301014662720e+06 1.340500388703901088e+06 8.373922411158793839e+05 5.176268408582481788e+05 3.110367769419488613e+05 1.763332602530938457e+05 8.983515319820797595e+04 3.801268847007075237e+04 1.178087850091189648e+04 2.190591062261654770e+03
1.340500388703901088e+06 1.044633382350265863e+06 5.233435933106826851e+05 3.235003593152774847e+05 1.943881212460950192e+05 1.102026953558453970e+05 5.614412168151422520e+04 2.375672474444800537e+04 7.362675439657694369e+03 1.369049940647390258e+03
8.373922411158793839e+05 5.233435933106826851e+05 4.393793369081892306e+05 2.020862456822830718e+05 1.214315981317694095e+05 6.884211509275883145e+04 3.507246419064691872e+04 1.484050071373805440e+04 4.599362550715130965e+03 8.552267553661349666e+02
5.176268408582481788e+05 3.235003593152774847e+05 2.020862456822830718e+05 1.838246171953722369e+05 7.506190221867366927e+04 4.255416375243620860e+04 2.167974331351173896e+04 9.173528394495577231e+03 2.843056563213314348e+03 5.286510930740309959e+02
3.110367769419488613e+05 1.943881212460950192e+05 1.214315981317693950e+05 7.506190221867366927e+04 7.422009177184870350e+04 2.557037018612083557e+04 1.302714031208840970e+04 5.512281202957809001e+03 1.708364173347971928e+03 3.176611395265993565e+02
1.763332602530938457e+05 1.102026953558453824e+05 6.884211509275881690e+04 4.255416375243620132e+04 2.557037018612083193e+04 2.763770702316575625e+04 7.385358559813601460e+03 3.125027610901484877e+03 9.685074136498411690e+02 1.800887500801635213e+02
8.983515319820799050e+04 5.614412168151422520e+04 3.507246419064691872e+04 2.167974331351173896e+04 1.302714031208840970e+04 7.385358559813600550e+03 8.908833921614072096e+03 1.592083840399810015e+03 4.934180412359678485e+02 9.174843378670774996e+01
3.801268847007075237e+04 2.375672474444800537e+04 1.484050071373805258e+04 9.173528394495579050e+03 5.512281202957809001e+03 3.125027610901484422e+03 1.592083840399810015e+03 2.286817268924784912e+03 2.087840407599985042e+02 3.882227064784039072e+01
1.178087850091189466e+04 7.362675439657694369e+03 4.599362550715130965e+03 2.843056563213314348e+03 1.708364173347972155e+03 9.685074136498412827e+02 4.934180412359678485e+02 2.087840407599985042e+02 4.211829209674598360e+02 1.203178391320119367e+01
2.190591062261654770e+03 1.369049940647390258e+03 8.552267553661349666e+02 5.286510930740309959e+02 3.176611395265993565e+02 1.800887500801635213e+02 9.174843378670774996e+01 3.882227064784039072e+01 1.203178391320119367e+01 4.769519704735233034e+01
