2.942562865706364391e+05 8.905203677361547016e+05 5.408904950392616447e+05 3.141241741816835129e+05 1.694416006960114464e+05 8.125187669977381302e+04 3.242729812061212215e+04 9.755003590364281990e+03 1.906061414861193953e+03 1.932654347389055260e+02
8.905203677361547016e+05 1.580350721315726696e+05 3.370273673421560088e+05 1.957299017341707367e+05 1.055785914608693129e+05 5.062781902600544709e+04 2.020535952441879999e+04 6.078315682428675245e+03 1.187661581290134336e+03 1.204231563794860023e+02
5.408904950392616447e+05 3.370273673421560088e+05 8.104598355131861172e+04 1.188837979215637606e+05 6.412706398393933341e+04 3.075067913982587197e+04 1.227247271546649245e+04 3.691889930414080482e+03 7.213702054633560010e+02 7.314345974351611801e+01
3.141241741816835129e+05 1.957299017341707367e+05 1.188837979215637606e+05 3.886506143813756353e+04 3.724203180014975078e+04 1.785857170520729414e+04 7.127284343632858508e+03 2.144078859209415896e+03 4.189384397557213902e+02 4.247833729645302725e+01
1.694416006960114464e+05 1.055785914608693129e+05 6.412706398393933341e+04 3.724203180014975078e+04 1.690382300539673088e+04 9.633085335624789877e+03 3.844525722819045768e+03 1.156536757698876954e+03 2.259794236155866827e+02 2.291322368030525780e+01
8.125187669977382757e+04 5.062781902600544709e+04 3.075067913982587561e+04 1.785857170520729414e+04 9.633085335624789877e+03 6.373728378354751840e+03 1.843555117022421882e+03 5.545909720476180382e+02 1.083633074102079945e+02 1.098751674688543467e+01
3.242729812061212215e+04 2.020535952441879999e+04 1.227247271546649245e+04 7.127284343632858508e+03 3.844525722819046223e+03 1.843555117022421882e+03 1.948243691127725697e+03 2.213350326914754476e+02 4.324736138354491288e+01 4.385073866945698562e+00
9.755003590364281990e+03 6.078315682428675245e+03 3.691889930414080936e+03 2.144078859209415896e+03 1.156536757698876954e+03 5.545909720476180382e+02 2.213350326914754476e+02 4.367810613635165282e+02 1.300996968668503584e+01 1.319148180553391114e+00
1.906061414861193725e+03 1.187661581290134336e+03 7.213702054633560010e+02 4.189384397557214470e+02 2.259794236155866827e+02 1.083633074102079945e+02 4.324736138354491999e+01 1.300996968668503584e+01 6.183267652326756547e+01 2.577525906726264582e-01
1.932654347389055545e+02 1.204231563794859881e+02 7.314345974351611801e+01 4.247833729645302725e+01 2.291322368030525780e+01 1.098751674688543467e+01 4.385073866945698562e+00 1.319148180553391336e+00 2.577525906726264582e-01 4.412388928568542035e+00
