2.428881765235924162e+06 1.317413208615082782e+06 8.221589813664340181e+05 5.008172329923798097e+05 2.916166663051820360e+05 1.570533058868977532e+05 7.438580855338112451e+04 2.866611005849102003e+04 7.983745624252918788e+03 1.340181740253488215e+03
1.317413208615082549e+06 1.019432549618565477e+06 5.186104507093499997e+05 3.159109817100291257e+05 1.839491560324916791e+05 9.906780512940192421e+04 4.692189536886495625e+04 1.808232299890413196e+04 5.036074543224163790e+03 8.453745225651541659e+02
8.221589813664340181e+05 5.186104507093499997e+05 4.246800187277703662e+05 1.971507870322822127e+05 1.147972783010679705e+05 6.182531434994522715e+04 2.928258001967534801e+04 1.128464794515470749e+04 3.142866558090167018e+03 5.275734688252808837e+02
5.008172329923798097e+05 3.159109817100291257e+05 1.971507870322822127e+05 1.717506387729673879e+05 6.992863494386960519e+04 3.766082176729690400e+04 1.783745118974198340e+04 6.874030798511277681e+03 1.914473683266222224e+03 3.213707942691774520e+02
2.916166663051819778e+05 1.839491560324916791e+05 1.147972783010679996e+05 6.992863494386959064e+04 6.533280164971019258e+04 2.192920405009278329e+04 1.038641985271522390e+04 4.002621741994862987e+03 1.114762824568365659e+03 1.871283044967663329e+02
1.570533058868977532e+05 9.906780512940190965e+04 6.182531434994522715e+04 3.766082176729690400e+04 2.192920405009277965e+04 2.236826784530060104e+04 5.593718613088901293e+03 2.155655178285316651e+03 6.003675616230256082e+02 1.007799698782337288e+02
7.438580855338112451e+04 4.692189536886494898e+04 2.928258001967534801e+04 1.783745118974198704e+04 1.038641985271522390e+04 5.593718613088901293e+03 6.519783828794879810e+03 1.020991901402652957e+03 2.843545778826951960e+02 4.773283505904996815e+01
2.866611005849102003e+04 1.808232299890413196e+04 1.128464794515470749e+04 6.874030798511275862e+03 4.002621741994862987e+03 2.155655178285316651e+03 1.020991901402652957e+03 1.513969913812082268e+03 1.095819186985309557e+02 1.839483538348028091e+01
7.983745624252918788e+03 5.036074543224163790e+03 3.142866558090167473e+03 1.914473683266222224e+03 1.114762824568365659e+03 6.003675616230256082e+02 2.843545778826951960e+02 1.095819186985309557e+02 2.578558123028541900e+02 5.123111793056589924e+00
1.340181740253487988e+03 8.453745225651541659e+02 5.275734688252808837e+02 3.213707942691775088e+02 1.871283044967663329e+02 1.007799698782337288e+02 4.773283505904996815e+01 1.839483538348028091e+01 5.123111793056589924e+00 2.779663605027206330e+01
