1.468270698758826125e+06 7.641598931951245759e+05 4.755680014558120165e+05 2.832300418564699939e+05 1.576177635759111145e+05 7.914807543297535449e+04 3.411188227767837088e+04 1.173182476393007164e+04 2.898042675131312080e+03 4.413198206958197716e+02
7.641598931951245759e+05 6.402482505928948522e+05 3.041340771451024921e+05 1.811305788785076584e+05 1.007993240085325087e+05 5.061658228882237745e+04 2.181514694942748611e+04 7.502707681936964036e+03 1.853349114805994986e+03 2.822317649259176164e+02
4.755680014558121329e+05 3.041340771451024339e+05 2.696370103761532228e+05 1.127249783283127617e+05 6.273154806175386329e+04 3.150077240899154640e+04 1.357645949308541276e+04 4.669242300701126624e+03 1.153415067156797022e+03 1.756443875011020452e+02
2.832300418564699939e+05 1.811305788785076584e+05 1.127249783283127617e+05 1.071688434366492293e+05 3.736050139803736238e+04 1.876065054965394665e+04 8.085617995151292234e+03 2.780821435036055391e+03 6.869297277122558398e+02 1.046070531900862335e+02
1.576177635759111145e+05 1.007993240085324942e+05 6.273154806175386329e+04 3.736050139803736238e+04 3.906840001113869948e+04 1.044031827797469850e+04 4.499653416605870916e+03 1.547529536843608639e+03 3.822769883665221755e+02 5.821391569204800476e+01
7.914807543297533994e+04 5.061658228882237017e+04 3.150077240899154640e+04 1.876065054965394665e+04 1.044031827797469850e+04 1.262041442573238237e+04 2.259509968673326512e+03 7.770950541235484934e+02 1.919611547904760869e+02 2.923223427303631539e+01
3.411188227767836361e+04 2.181514694942748611e+04 1.357645949308541276e+04 8.085617995151292234e+03 4.499653416605870916e+03 2.259509968673326512e+03 3.476396754316400802e+03 3.349187565182984372e+02 8.273298217649100650e+01 1.259874644810228261e+01
1.173182476393007164e+04 7.502707681936965855e+03 4.669242300701126624e+03 2.780821435036055391e+03 1.547529536843608639e+03 7.770950541235484934e+02 3.349187565182984372e+02 7.779236109330809086e+02 2.845368781443863782e+01 4.332985332534454948e+00
2.898042675131312080e+03 1.853349114805994986e+03 1.153415067156797022e+03 6.869297277122559535e+02 3.822769883665221755e+02 1.919611547904760869e+02 8.273298217649100650e+01 2.845368781443863782e+01 1.302806321123321140e+02 1.070351514541062254e+00
4.413198206958197716e+02 2.822317649259176164e+02 1.756443875011020168e+02 1.046070531900862619e+02 5.821391569204800476e+01 2.923223427303631539e+01 1.259874644810228261e+01 4.332985332534454948e+00 1.070351514541062254e+00 1.397010290837131308e+01
