2.332379285027491860e+05 9.421709498754194647e+04 5.257524281276894908e+04 2.715221100900799865e+04 1.270310272988749603e+04 5.238554943858710431e+03 1.837978593823107076e+03 5.243987217702485850e+02 1.147049240315144090e+02 1.781860173270715464e+01
9.421709498754194647e+04 9.439804408515605610e+04 3.117318646221210656e+04 1.609923019584352187e+04 7.531989751481338317e+03 3.106071248001718686e+03 1.089783828918175459e+03 3.109292180067574805e+02 6.801144024578502467e+01 1.056509803079161003e+01
5.257524281276894180e+04 3.117318646221211020e+04 3.604556201499883900e+04 8.983729935178478627e+03 4.203018466020206688e+03 1.733257113043483969e+03 6.081237107382494287e+02 1.735054465057661446e+02 3.795190231073331688e+01 5.895560613315695697e+00
2.715221100900799865e+04 1.609923019584351823e+04 8.983729935178478627e+03 1.292503431862991056e+04 2.170627051035152817e+03 8.951316313234568725e+02 3.140623310547154574e+02 8.960598644334817209e+01 1.960006277867379154e+01 3.044731649822573161e+00
1.270310272988749603e+04 7.531989751481339226e+03 4.203018466020206688e+03 2.170627051035152817e+03 4.321774127447562933e+03 4.187853823654078269e+02 1.469333769412889126e+02 4.192196542024239392e+01 9.169846643690835464e+00 1.424471064982677060e+00
5.238554943858710431e+03 3.106071248001719141e+03 1.733257113043483969e+03 8.951316313234568725e+02 4.187853823654078269e+02 1.325469924905231437e+03 6.059295784349381364e+01 1.728794325907412599e+01 3.781497047702632397e+00 5.874289217776617056e-01
1.837978593823106849e+03 1.089783828918175232e+03 6.081237107382494287e+02 3.140623310547154574e+02 1.469333769412889126e+02 6.059295784349381364e+01 3.601386493026369635e+02 6.065579149581546758e+00 1.326761043984226562e+00 2.061029797703408106e-01
5.243987217702485850e+02 3.109292180067575373e+02 1.735054465057661446e+02 8.960598644334817209e+01 4.192196542024239392e+01 1.728794325907412599e+01 6.065579149581546758e+00 8.198750447197491553e+01 3.785418382445266960e-01 5.880380735000448333e-02
1.147049240315144090e+02 6.801144024578502467e+01 3.795190231073331688e+01 1.960006277867379509e+01 9.169846643690835464e+00 3.781497047702632397e+00 1.326761043984226562e+00 3.785418382445266405e-01 1.451477224319820003e+01 1.286251467600116501e-02
1.781860173270715464e+01 1.056509803079161003e+01 5.895560613315695697e+00 3.044731649822573161e+00 1.424471064982677060e+00 5.874289217776617056e-01 2.061029797703408106e-01 5.880380735000449721e-02 1.286251467600116501e-02 1.826758832801399501e+00
