2.511758431230198592e+06 1.315396587652875111e+06 7.791754322794883046e+05 4.405773724241941818e+05 2.298357769935984106e+05 1.049546866434147378e+05 3.866857157113196445e+04 1.014144650355654085e+04 1.560506537330757965e+03 1.043886453280696998e+02
1.315396587652875111e+06 9.786353756810845807e+05 4.731115820901588886e+05 2.675164655678824056e+05 1.395551804761706735e+05 6.372798190052735299e+04 2.347937103158376704e+04 6.157837633488553365e+03 9.475320783391515533e+02 6.338428433110087923e+01
7.791754322794883046e+05 4.731115820901589468e+05 3.695464322974395473e+05 1.584634319849263702e+05 8.266553911956593220e+04 3.774928284879094281e+04 1.390801013542890360e+04 3.647596356123827718e+03 5.612708164736561685e+02 3.754569352466995724e+01
4.405773724241941818e+05 2.675164655678823474e+05 1.584634319849263702e+05 1.308292562651830085e+05 4.674244657429576182e+04 2.134497464808713630e+04 7.864152676362090460e+03 2.062498831031747613e+03 3.173652701252593715e+02 2.122985699196131293e+01
2.298357769935984106e+05 1.395551804761706735e+05 8.266553911956593220e+04 4.674244657429576182e+04 4.146586028673328838e+04 1.113502222358427207e+04 4.102488584065810755e+03 1.075942731171771356e+03 1.655597813584324456e+02 1.107496885362616545e+01
1.049546866434147378e+05 6.372798190052736027e+04 3.774928284879094281e+04 2.134497464808713630e+04 1.113502222358427207e+04 1.110155107686152587e+04 1.873404608416582960e+03 4.913300865232064325e+02 7.560300315520723302e+01 5.057393156202516948e+00
3.866857157113196445e+04 2.347937103158376704e+04 1.390801013542890360e+04 7.864152676362090460e+03 4.102488584065810755e+03 1.873404608416582960e+03 2.348548491872414161e+03 1.810212885521023907e+02 2.785449827916832533e+01 1.863300968049151018e+00
1.014144650355654085e+04 6.157837633488553365e+03 3.647596356123827263e+03 2.062498831031747159e+03 1.075942731171771356e+03 4.913300865232063757e+02 1.810212885521023907e+02 3.626728891166535504e+02 7.305284180512179759e+00 4.886802465080665736e-01
1.560506537330757965e+03 9.475320783391515533e+02 5.612708164736561685e+02 3.173652701252593715e+02 1.655597813584323887e+02 7.560300315520723302e+01 2.785449827916832533e+01 7.305284180512179759e+00 3.514213973742334929e+01 7.519526125516801107e-02
1.043886453280696998e+02 6.338428433110087923e+01 3.754569352466995724e+01 2.122985699196131293e+01 1.107496885362616545e+01 5.057393156202516948e+00 1.863300968049151018e+00 4.886802465080665736e-01 7.519526125516801107e-02 1.548364359488932918e+00
