3.247023064756050417e+02 6.420447442536643123e+00 3.489856356839580176e+00 1.816791101949731813e+00 9.019457987207903926e-01 4.249611691834573879e-01 1.890158139480154487e-01 7.889462262621567412e-02 3.069944271403565045e-02 1.105463025619896587e-02
6.420447442536643123e+00 1.716193996903981542e+02 1.972891850406819358e+00 1.027071601930982903e+00 5.098896154615321086e-01 2.402398098071449606e-01 1.068547587081082884e-01 4.460084946336866779e-02 1.735506397673090492e-02 6.249423389295710729e-03
3.489856356839580176e+00 1.972891850406819358e+00 8.710392123186119306e+01 5.582683124514642437e-01 2.771522595163368741e-01 1.305831774070490559e-01 5.808127272648770656e-02 2.424294559113883765e-02 9.433404896563217165e-03 3.396895642696652878e-03
1.816791101949731813e+00 1.027071601930982903e+00 5.582683124514642437e-01 4.228622578693533285e+01 1.442832333163819314e-01 6.798055006260975142e-02 3.023664262644867179e-02 1.262068215177749621e-02 4.910954585158272892e-03 1.768396503142029329e-03
9.019457987207903926e-01 5.098896154615321086e-01 2.771522595163368741e-01 1.442832333163819314e-01 1.955075174958003359e+01 3.374893869630792714e-02 1.501097883795223485e-02 6.265536655023278174e-03 2.438043014983162695e-03 8.779203039742879307e-04
4.249611691834573879e-01 2.402398098071449606e-01 1.305831774070490559e-01 6.798055006260975142e-02 3.374893869630792714e-02 8.567160833601201730e+00 7.072579224396442245e-03 2.952072936374691356e-03 1.148709392112304576e-03 4.136413067791252889e-04
1.890158139480154209e-01 1.068547587081082884e-01 5.808127272648770656e-02 3.023664262644867179e-02 1.501097883795223138e-02 7.072579224396442245e-03 3.539126272645377824e+00 1.313034011966125389e-03 5.109272481460627215e-04 1.839809233243719399e-04
7.889462262621566024e-02 4.460084946336866779e-02 2.424294559113883765e-02 1.262068215177749621e-02 6.265536655023279042e-03 2.952072936374691790e-03 1.313034011966125389e-03 1.370094983264347199e+00 2.132594706759333267e-04 7.679307467940802443e-05
3.069944271403565045e-02 1.735506397673090145e-02 9.433404896563217165e-03 4.910954585158272025e-03 2.438043014983162695e-03 1.148709392112304576e-03 5.109272481460627215e-04 2.132594706759333267e-04 4.937687102127924499e-01 2.988168925180688168e-05
1.105463025619896587e-02 6.249423389295710729e-03 3.396895642696652878e-03 1.768396503142029329e-03 8.779203039742879307e-04 4.136413067791252889e-04 1.839809233243719670e-04 7.679307467940803798e-05 2.988168925180688168e-05 1.644373119085341950e-01
