1.953891950593553775e+05 5.516697396907772636e+05 3.408415153454719111e+05 1.998596824545630370e+05 1.089968155358404183e+05 5.380588183867228508e+04 2.316441195443520701e+04 8.270884427657436390e+03 2.286519653942419609e+03 4.454394190903392428e+02
5.516697396907772636e+05 1.091759899785234593e+05 2.185907844675475208e+05 1.281753624610455736e+05 6.990257448038439907e+04 3.450715183026425802e+04 1.485595724956542472e+04 5.304339506440586774e+03 1.466406239712720208e+03 2.856722191046304715e+02
3.408415153454719111e+05 2.185907844675475208e+05 5.806395172910203837e+04 7.919137416466898867e+04 4.318833841747192491e+04 2.131976629110761496e+04 9.178547628310452637e+03 3.277212769174997902e+03 9.059988048934753806e+02 1.764986277955055129e+02
1.998596824545630370e+05 1.281753624610455736e+05 7.919137416466898867e+04 2.894121468343452216e+04 2.532440214363932682e+04 1.250129907628012370e+04 5.382036905125443809e+03 1.921663511909555609e+03 5.312516970436863630e+02 1.034937298325342852e+02
1.089968155358404183e+05 6.990257448038439907e+04 4.318833841747193219e+04 2.532440214363933046e+04 1.324224320957964665e+04 6.817792226230804772e+03 2.935183707641531782e+03 1.048011288505772427e+03 2.897269850257927146e+02 5.644203393667153534e+01
5.380588183867228508e+04 3.450715183026425802e+04 2.131976629110761860e+04 1.250129907628012370e+04 6.817792226230804772e+03 5.410616732658302681e+03 1.448942769307104754e+03 5.173469635577963572e+02 1.430226731408183696e+02 2.786240491340115710e+01
2.316441195443520701e+04 1.485595724956542654e+04 9.178547628310450818e+03 5.382036905125443809e+03 2.935183707641531782e+03 1.448942769307104754e+03 1.901173850657605499e+03 2.227272888707792049e+02 6.157386527725765291e+01 1.199527269881894931e+01
8.270884427657436390e+03 5.304339506440586774e+03 3.277212769174997447e+03 1.921663511909555837e+03 1.048011288505772427e+03 5.173469635577963572e+02 2.227272888707792049e+02 5.460840625368068686e+02 2.198503136941661751e+01 4.282928242051504242e+00
2.286519653942419609e+03 1.466406239712720208e+03 9.059988048934751532e+02 5.312516970436863630e+02 2.897269850257926578e+02 1.430226731408183696e+02 6.157386527725765291e+01 2.198503136941661751e+01 1.196520760389768867e+02 1.184032939588480549e+00
4.454394190903392428e+02 2.856722191046304715e+02 1.764986277955055698e+02 1.034937298325342852e+02 5.644203393667153534e+01 2.786240491340115710e+01 1.199527269881894931e+01 4.282928242051504242e+00 1.184032939588480327e+00 1.819319002945116281e+01
